 Scott Sterling
            t(sec)              u(ft/sec)               v(ft/sec)               w(ft/sec)              p(rad/sec)            q(rad/sec)            r(rad/sec)               x(ft)                   y(ft)                   z(ft)                 e0                     ex                    ey                    ez
     0.000000000000E+00     1.156774380727E+02     0.000000000000E+00    -2.097356177412E+01     0.000000000000E+00     0.000000000000E+00     0.000000000000E+00     0.000000000000E+00     0.000000000000E+00    -3.500000000000E+01     1.000000000000E+00     0.000000000000E+00     0.000000000000E+00     0.000000000000E+00
     1.000000000000E-02     1.156718712259E+02     0.000000000000E+00    -2.065082078355E+01     0.000000000000E+00     0.000000000000E+00     0.000000000000E+00     1.156746543602E+00     0.000000000000E+00    -3.520812189936E+01     1.000000000000E+00     0.000000000000E+00     0.000000000000E+00     0.000000000000E+00
     2.000000000000E-02     1.156639671569E+02     0.000000000000E+00    -2.032768192450E+01     0.000000000000E+00     0.000000000000E+00     0.000000000000E+00     2.313428080876E+00     0.000000000000E+00    -3.541301481219E+01     1.000000000000E+00     0.000000000000E+00     0.000000000000E+00     0.000000000000E+00
     3.000000000000E-02     1.156555783288E+02     0.000000000000E+00    -2.000447988914E+01     0.000000000000E+00     0.000000000000E+00     0.000000000000E+00     3.470025823924E+00     0.000000000000E+00    -3.561467560453E+01     1.000000000000E+00     0.000000000000E+00     0.000000000000E+00     0.000000000000E+00
     4.000000000000E-02     1.156471708602E+02     0.000000000000E+00    -1.968129799836E+01     0.000000000000E+00     0.000000000000E+00     0.000000000000E+00     4.626539585317E+00     0.000000000000E+00    -3.581310447712E+01     1.000000000000E+00     0.000000000000E+00     0.000000000000E+00     0.000000000000E+00
     5.000000000000E-02     1.156387449583E+02     0.000000000000E+00    -1.935813639240E+01     0.000000000000E+00     0.000000000000E+00     0.000000000000E+00     5.782969179683E+00     0.000000000000E+00    -3.600830163211E+01     1.000000000000E+00     0.000000000000E+00     0.000000000000E+00     0.000000000000E+00
     6.000000000000E-02     1.156303008324E+02     0.000000000000E+00    -1.903499521021E+01     0.000000000000E+00     0.000000000000E+00     0.000000000000E+00     6.939314423736E+00     0.000000000000E+00    -3.620026727305E+01     1.000000000000E+00     0.000000000000E+00     0.000000000000E+00     0.000000000000E+00
     7.000000000000E-02     1.156218386941E+02     0.000000000000E+00    -1.871187458936E+01     0.000000000000E+00     0.000000000000E+00     0.000000000000E+00     8.095575136289E+00     0.000000000000E+00    -3.638900160485E+01     1.000000000000E+00     0.000000000000E+00     0.000000000000E+00     0.000000000000E+00
     8.000000000000E-02     1.156133587575E+02     0.000000000000E+00    -1.838877466606E+01     0.000000000000E+00     0.000000000000E+00     0.000000000000E+00     9.251751138290E+00     0.000000000000E+00    -3.657450483382E+01     1.000000000000E+00     0.000000000000E+00     0.000000000000E+00     0.000000000000E+00
     9.000000000000E-02     1.156048612389E+02     0.000000000000E+00    -1.806569557509E+01     0.000000000000E+00     0.000000000000E+00     0.000000000000E+00     1.040784225283E+01     0.000000000000E+00    -3.675677716761E+01     1.000000000000E+00     0.000000000000E+00     0.000000000000E+00     0.000000000000E+00
     1.000000000000E-01     1.155963463569E+02     0.000000000000E+00    -1.774263744981E+01     0.000000000000E+00     0.000000000000E+00     0.000000000000E+00     1.156384830519E+01     0.000000000000E+00    -3.693581881521E+01     1.000000000000E+00     0.000000000000E+00     0.000000000000E+00     0.000000000000E+00
     1.100000000000E-01     1.155878143323E+02     0.000000000000E+00    -1.741960042211E+01     0.000000000000E+00     0.000000000000E+00     0.000000000000E+00     1.271976912283E+01     0.000000000000E+00    -3.711162998694E+01     1.000000000000E+00     0.000000000000E+00     0.000000000000E+00     0.000000000000E+00
     1.200000000000E-01     1.155792653883E+02     0.000000000000E+00    -1.709658462238E+01     0.000000000000E+00     0.000000000000E+00     0.000000000000E+00     1.387560453544E+01     0.000000000000E+00    -3.728421089441E+01     1.000000000000E+00     0.000000000000E+00     0.000000000000E+00     0.000000000000E+00
     1.300000000000E-01     1.155706997501E+02     0.000000000000E+00    -1.677359017950E+01     0.000000000000E+00     0.000000000000E+00     0.000000000000E+00     1.503135437495E+01     0.000000000000E+00    -3.745356175057E+01     1.000000000000E+00     0.000000000000E+00     0.000000000000E+00     0.000000000000E+00
     1.400000000000E-01     1.155621176453E+02     0.000000000000E+00    -1.645061722077E+01     0.000000000000E+00     0.000000000000E+00     0.000000000000E+00     1.618701847555E+01     0.000000000000E+00    -3.761968276962E+01     1.000000000000E+00     0.000000000000E+00     0.000000000000E+00     0.000000000000E+00
     1.500000000000E-01     1.155535193036E+02     0.000000000000E+00    -1.612766587195E+01     0.000000000000E+00     0.000000000000E+00     0.000000000000E+00     1.734259667373E+01     0.000000000000E+00    -3.778257416702E+01     1.000000000000E+00     0.000000000000E+00     0.000000000000E+00     0.000000000000E+00
     1.600000000000E-01     1.155449049568E+02     0.000000000000E+00    -1.580473625716E+01     0.000000000000E+00     0.000000000000E+00     0.000000000000E+00     1.849808880827E+01     0.000000000000E+00    -3.794223615951E+01     1.000000000000E+00     0.000000000000E+00     0.000000000000E+00     0.000000000000E+00
     1.700000000000E-01     1.155362748390E+02     0.000000000000E+00    -1.548182849890E+01     0.000000000000E+00     0.000000000000E+00     0.000000000000E+00     1.965349472030E+01     0.000000000000E+00    -3.809866896502E+01     1.000000000000E+00     0.000000000000E+00     0.000000000000E+00     0.000000000000E+00
     1.800000000000E-01     1.155276291863E+02     0.000000000000E+00    -1.515894271802E+01     0.000000000000E+00     0.000000000000E+00     0.000000000000E+00     2.080881425327E+01     0.000000000000E+00    -3.825187280274E+01     1.000000000000E+00     0.000000000000E+00     0.000000000000E+00     0.000000000000E+00
     1.900000000000E-01     1.155189682368E+02     0.000000000000E+00    -1.483607903366E+01     0.000000000000E+00     0.000000000000E+00     0.000000000000E+00     2.196404725303E+01     0.000000000000E+00    -3.840184789304E+01     1.000000000000E+00     0.000000000000E+00     0.000000000000E+00     0.000000000000E+00
     2.000000000000E-01     1.155102922309E+02     0.000000000000E+00    -1.451323756326E+01     0.000000000000E+00     0.000000000000E+00     0.000000000000E+00     2.311919356782E+01     0.000000000000E+00    -3.854859445746E+01     1.000000000000E+00     0.000000000000E+00     0.000000000000E+00     0.000000000000E+00
     2.100000000000E-01     1.155016014108E+02     0.000000000000E+00    -1.419041842251E+01     0.000000000000E+00     0.000000000000E+00     0.000000000000E+00     2.427425304827E+01     0.000000000000E+00    -3.869211271873E+01     1.000000000000E+00     0.000000000000E+00     0.000000000000E+00     0.000000000000E+00
     2.200000000000E-01     1.154928960209E+02     0.000000000000E+00    -1.386762172535E+01     0.000000000000E+00     0.000000000000E+00     0.000000000000E+00     2.542922554747E+01     0.000000000000E+00    -3.883240290072E+01     1.000000000000E+00     0.000000000000E+00     0.000000000000E+00     0.000000000000E+00
     2.300000000000E-01     1.154841763075E+02     0.000000000000E+00    -1.354484758389E+01     0.000000000000E+00     0.000000000000E+00     0.000000000000E+00     2.658411092094E+01     0.000000000000E+00    -3.896946522843E+01     1.000000000000E+00     0.000000000000E+00     0.000000000000E+00     0.000000000000E+00
     2.400000000000E-01     1.154754425189E+02     0.000000000000E+00    -1.322209610846E+01     0.000000000000E+00     0.000000000000E+00     0.000000000000E+00     2.773890902670E+01     0.000000000000E+00    -3.910329992796E+01     1.000000000000E+00     0.000000000000E+00     0.000000000000E+00     0.000000000000E+00
     2.500000000000E-01     1.154666949051E+02     0.000000000000E+00    -1.289936740754E+01     0.000000000000E+00     0.000000000000E+00     0.000000000000E+00     2.889361972524E+01     0.000000000000E+00    -3.923390722651E+01     1.000000000000E+00     0.000000000000E+00     0.000000000000E+00     0.000000000000E+00
     2.600000000000E-01     1.154579337185E+02     0.000000000000E+00    -1.257666158771E+01     0.000000000000E+00     0.000000000000E+00     0.000000000000E+00     3.004824287956E+01     0.000000000000E+00    -3.936128735238E+01     1.000000000000E+00     0.000000000000E+00     0.000000000000E+00     0.000000000000E+00
     2.700000000000E-01     1.154491592129E+02     0.000000000000E+00    -1.225397875368E+01     0.000000000000E+00     0.000000000000E+00     0.000000000000E+00     3.120277835521E+01     0.000000000000E+00    -3.948544053489E+01     1.000000000000E+00     0.000000000000E+00     0.000000000000E+00     0.000000000000E+00
     2.800000000000E-01     1.154403716441E+02     0.000000000000E+00    -1.193131900826E+01     0.000000000000E+00     0.000000000000E+00     0.000000000000E+00     3.235722602027E+01     0.000000000000E+00    -3.960636700441E+01     1.000000000000E+00     0.000000000000E+00     0.000000000000E+00     0.000000000000E+00
     2.900000000000E-01     1.154315712699E+02     0.000000000000E+00    -1.160868245227E+01     0.000000000000E+00     0.000000000000E+00     0.000000000000E+00     3.351158574541E+01     0.000000000000E+00    -3.972406699235E+01     1.000000000000E+00     0.000000000000E+00     0.000000000000E+00     0.000000000000E+00
     3.000000000000E-01     1.154227583497E+02     0.000000000000E+00    -1.128606918461E+01     0.000000000000E+00     0.000000000000E+00     0.000000000000E+00     3.466585740385E+01     0.000000000000E+00    -3.983854073109E+01     1.000000000000E+00     0.000000000000E+00     0.000000000000E+00     0.000000000000E+00
     3.100000000000E-01     1.154139331446E+02     0.000000000000E+00    -1.096347930217E+01     0.000000000000E+00     0.000000000000E+00     0.000000000000E+00     3.582004087145E+01     0.000000000000E+00    -3.994978845399E+01     1.000000000000E+00     0.000000000000E+00     0.000000000000E+00     0.000000000000E+00
     3.200000000000E-01     1.154050959177E+02     0.000000000000E+00    -1.064091289982E+01     0.000000000000E+00     0.000000000000E+00     0.000000000000E+00     3.697413602667E+01     0.000000000000E+00    -4.005781039540E+01     1.000000000000E+00     0.000000000000E+00     0.000000000000E+00     0.000000000000E+00
     3.300000000000E-01     1.153962469334E+02     0.000000000000E+00    -1.031837007042E+01     0.000000000000E+00     0.000000000000E+00     0.000000000000E+00     3.812814275061E+01     0.000000000000E+00    -4.016260679057E+01     1.000000000000E+00     0.000000000000E+00     0.000000000000E+00     0.000000000000E+00
     3.400000000000E-01     1.153873864581E+02     0.000000000000E+00    -9.995850904752E+00     0.000000000000E+00     0.000000000000E+00     0.000000000000E+00     3.928206092704E+01     0.000000000000E+00    -4.026417787568E+01     1.000000000000E+00     0.000000000000E+00     0.000000000000E+00     0.000000000000E+00
     3.500000000000E-01     1.153785147598E+02     0.000000000000E+00    -9.673355491526E+00     0.000000000000E+00     0.000000000000E+00     0.000000000000E+00     4.043589044237E+01     0.000000000000E+00    -4.036252388784E+01     1.000000000000E+00     0.000000000000E+00     0.000000000000E+00     0.000000000000E+00
     3.600000000000E-01     1.153696321078E+02     0.000000000000E+00    -9.350883917356E+00     0.000000000000E+00     0.000000000000E+00     0.000000000000E+00     4.158963118572E+01     0.000000000000E+00    -4.045764506498E+01     1.000000000000E+00     0.000000000000E+00     0.000000000000E+00     0.000000000000E+00
     3.700000000000E-01     1.153607387733E+02     0.000000000000E+00    -9.028436266732E+00     0.000000000000E+00     0.000000000000E+00     0.000000000000E+00     4.274328304891E+01     0.000000000000E+00    -4.054954164593E+01     1.000000000000E+00     0.000000000000E+00     0.000000000000E+00     0.000000000000E+00
     3.800000000000E-01     1.153518350290E+02     0.000000000000E+00    -8.706012622007E+00     0.000000000000E+00     0.000000000000E+00     0.000000000000E+00     4.389684592649E+01     0.000000000000E+00    -4.063821387033E+01     1.000000000000E+00     0.000000000000E+00     0.000000000000E+00     0.000000000000E+00
     3.900000000000E-01     1.153429211487E+02     0.000000000000E+00    -8.383613063368E+00     0.000000000000E+00     0.000000000000E+00     0.000000000000E+00     4.505031971571E+01     0.000000000000E+00    -4.072366197866E+01     1.000000000000E+00     0.000000000000E+00     0.000000000000E+00     0.000000000000E+00
     4.000000000000E-01     1.153339974083E+02     0.000000000000E+00    -8.061237668827E+00     0.000000000000E+00     0.000000000000E+00     0.000000000000E+00     4.620370431659E+01     0.000000000000E+00    -4.080588621215E+01     1.000000000000E+00     0.000000000000E+00     0.000000000000E+00     0.000000000000E+00
     4.100000000000E-01     1.153250640845E+02     0.000000000000E+00    -7.738886514191E+00     0.000000000000E+00     0.000000000000E+00     0.000000000000E+00     4.735699963193E+01     0.000000000000E+00    -4.088488681283E+01     1.000000000000E+00     0.000000000000E+00     0.000000000000E+00     0.000000000000E+00
     4.200000000000E-01     1.153161214558E+02     0.000000000000E+00    -7.416559673053E+00     0.000000000000E+00     0.000000000000E+00     0.000000000000E+00     4.851020556727E+01     0.000000000000E+00    -4.096066402348E+01     1.000000000000E+00     0.000000000000E+00     0.000000000000E+00     0.000000000000E+00
     4.300000000000E-01     1.153071698018E+02     0.000000000000E+00    -7.094257216768E+00     0.000000000000E+00     0.000000000000E+00     0.000000000000E+00     4.966332203096E+01     0.000000000000E+00    -4.103321808758E+01     1.000000000000E+00     0.000000000000E+00     0.000000000000E+00     0.000000000000E+00
     4.400000000000E-01     1.152982094037E+02     0.000000000000E+00    -6.771979214437E+00     0.000000000000E+00     0.000000000000E+00     0.000000000000E+00     5.081634893415E+01     0.000000000000E+00    -4.110254924933E+01     1.000000000000E+00     0.000000000000E+00     0.000000000000E+00     0.000000000000E+00
     4.500000000000E-01     1.152892405437E+02     0.000000000000E+00    -6.449725732889E+00     0.000000000000E+00     0.000000000000E+00     0.000000000000E+00     5.196928619082E+01     0.000000000000E+00    -4.116865775360E+01     1.000000000000E+00     0.000000000000E+00     0.000000000000E+00     0.000000000000E+00
     4.600000000000E-01     1.152802635053E+02     0.000000000000E+00    -6.127496836666E+00     0.000000000000E+00     0.000000000000E+00     0.000000000000E+00     5.312213371777E+01     0.000000000000E+00    -4.123154384594E+01     1.000000000000E+00     0.000000000000E+00     0.000000000000E+00     0.000000000000E+00
     4.700000000000E-01     1.152712785734E+02     0.000000000000E+00    -5.805292588005E+00     0.000000000000E+00     0.000000000000E+00     0.000000000000E+00     5.427489143462E+01     0.000000000000E+00    -4.129120777249E+01     1.000000000000E+00     0.000000000000E+00     0.000000000000E+00     0.000000000000E+00
     4.800000000000E-01     1.152622860337E+02     0.000000000000E+00    -5.483113046824E+00     0.000000000000E+00     0.000000000000E+00     0.000000000000E+00     5.542755926387E+01     0.000000000000E+00    -4.134764978005E+01     1.000000000000E+00     0.000000000000E+00     0.000000000000E+00     0.000000000000E+00
     4.900000000000E-01     1.152532861734E+02     0.000000000000E+00    -5.160958270704E+00     0.000000000000E+00     0.000000000000E+00     0.000000000000E+00     5.658013713089E+01     0.000000000000E+00    -4.140087011598E+01     1.000000000000E+00     0.000000000000E+00     0.000000000000E+00     0.000000000000E+00
     5.000000000000E-01     1.152442792806E+02     0.000000000000E+00    -4.838828314879E+00     0.000000000000E+00     0.000000000000E+00     0.000000000000E+00     5.773262496390E+01     0.000000000000E+00    -4.145086902820E+01     1.000000000000E+00     0.000000000000E+00     0.000000000000E+00     0.000000000000E+00
     5.100000000000E-01     1.152352656443E+02     0.000000000000E+00    -4.516723232216E+00     0.000000000000E+00     0.000000000000E+00     0.000000000000E+00     5.888502269402E+01     0.000000000000E+00    -4.149764676519E+01     1.000000000000E+00     0.000000000000E+00     0.000000000000E+00     0.000000000000E+00
     5.200000000000E-01     1.152262455549E+02     0.000000000000E+00    -4.194643073206E+00     0.000000000000E+00     0.000000000000E+00     0.000000000000E+00     6.003733025528E+01     0.000000000000E+00    -4.154120357593E+01     1.000000000000E+00     0.000000000000E+00     0.000000000000E+00     0.000000000000E+00
     5.300000000000E-01     1.152172193034E+02     0.000000000000E+00    -3.872587885949E+00     0.000000000000E+00     0.000000000000E+00     0.000000000000E+00     6.118954758458E+01     0.000000000000E+00    -4.158153970989E+01     1.000000000000E+00     0.000000000000E+00     0.000000000000E+00     0.000000000000E+00
     5.400000000000E-01     1.152081871819E+02     0.000000000000E+00    -3.550557716142E+00     0.000000000000E+00     0.000000000000E+00     0.000000000000E+00     6.234167462178E+01     0.000000000000E+00    -4.161865541704E+01     1.000000000000E+00     0.000000000000E+00     0.000000000000E+00     0.000000000000E+00
     5.500000000000E-01     1.151991494833E+02     0.000000000000E+00    -3.228552607065E+00     0.000000000000E+00     0.000000000000E+00     0.000000000000E+00     6.349371130963E+01     0.000000000000E+00    -4.165255094775E+01     1.000000000000E+00     0.000000000000E+00     0.000000000000E+00     0.000000000000E+00
     5.600000000000E-01     1.151901065014E+02     0.000000000000E+00    -2.906572599575E+00     0.000000000000E+00     0.000000000000E+00     0.000000000000E+00     6.464565759383E+01     0.000000000000E+00    -4.168322655285E+01     1.000000000000E+00     0.000000000000E+00     0.000000000000E+00     0.000000000000E+00
     5.700000000000E-01     1.151810585308E+02     0.000000000000E+00    -2.584617732089E+00     0.000000000000E+00     0.000000000000E+00     0.000000000000E+00     6.579751342303E+01     0.000000000000E+00    -4.171068248354E+01     1.000000000000E+00     0.000000000000E+00     0.000000000000E+00     0.000000000000E+00
     5.800000000000E-01     1.151720058668E+02     0.000000000000E+00    -2.262688040575E+00     0.000000000000E+00     0.000000000000E+00     0.000000000000E+00     6.694927874880E+01     0.000000000000E+00    -4.173491899141E+01     1.000000000000E+00     0.000000000000E+00     0.000000000000E+00     0.000000000000E+00
     5.900000000000E-01     1.151629488056E+02     0.000000000000E+00    -1.940783558548E+00     0.000000000000E+00     0.000000000000E+00     0.000000000000E+00     6.810095352571E+01     0.000000000000E+00    -4.175593632839E+01     1.000000000000E+00     0.000000000000E+00     0.000000000000E+00     0.000000000000E+00
     6.000000000000E-01     1.151538876438E+02     0.000000000000E+00    -1.618904317051E+00     0.000000000000E+00     0.000000000000E+00     0.000000000000E+00     6.925253771125E+01     0.000000000000E+00    -4.177373474672E+01     1.000000000000E+00     0.000000000000E+00     0.000000000000E+00     0.000000000000E+00
     6.100000000000E-01     1.151448226788E+02     0.000000000000E+00    -1.297050344657E+00     0.000000000000E+00     0.000000000000E+00     0.000000000000E+00     7.040403126591E+01     0.000000000000E+00    -4.178831449896E+01     1.000000000000E+00     0.000000000000E+00     0.000000000000E+00     0.000000000000E+00
     6.200000000000E-01     1.151357542086E+02     0.000000000000E+00    -9.752216674521E-01     0.000000000000E+00     0.000000000000E+00     0.000000000000E+00     7.155543415314E+01     0.000000000000E+00    -4.179967583793E+01     1.000000000000E+00     0.000000000000E+00     0.000000000000E+00     0.000000000000E+00
     6.300000000000E-01     1.151266825317E+02     0.000000000000E+00    -6.534183090338E-01     0.000000000000E+00     0.000000000000E+00     0.000000000000E+00     7.270674633939E+01     0.000000000000E+00    -4.180781901670E+01     1.000000000000E+00     0.000000000000E+00     0.000000000000E+00     0.000000000000E+00
     6.400000000000E-01     1.151176079471E+02     0.000000000000E+00    -3.316402905020E-01     0.000000000000E+00     0.000000000000E+00     0.000000000000E+00     7.385796779408E+01     0.000000000000E+00    -4.181274428858E+01     1.000000000000E+00     0.000000000000E+00     0.000000000000E+00     0.000000000000E+00
     6.500000000000E-01     1.151085307543E+02     0.000000000000E+00    -9.887630453214E-03     0.000000000000E+00     0.000000000000E+00     0.000000000000E+00     7.500909848964E+01     0.000000000000E+00    -4.181445190704E+01     1.000000000000E+00     0.000000000000E+00     0.000000000000E+00     0.000000000000E+00
     6.600000000000E-01     1.150994512532E+02     0.000000000000E+00     3.118396550249E-01     0.000000000000E+00     0.000000000000E+00     0.000000000000E+00     7.616013840147E+01     0.000000000000E+00    -4.181294212577E+01     1.000000000000E+00     0.000000000000E+00     0.000000000000E+00     0.000000000000E+00
     6.700000000000E-01     1.150903697441E+02     0.000000000000E+00     6.335415523589E-01     0.000000000000E+00     0.000000000000E+00     0.000000000000E+00     7.731108750801E+01     0.000000000000E+00    -4.180821519857E+01     1.000000000000E+00     0.000000000000E+00     0.000000000000E+00     0.000000000000E+00
     6.800000000000E-01     1.150812865276E+02     0.000000000000E+00     9.552180504931E-01     0.000000000000E+00     0.000000000000E+00     0.000000000000E+00     7.846194579066E+01     0.000000000000E+00    -4.180027137939E+01     1.000000000000E+00     0.000000000000E+00     0.000000000000E+00     0.000000000000E+00
     6.900000000000E-01     1.150722019046E+02     0.000000000000E+00     1.276869140895E+00     0.000000000000E+00     0.000000000000E+00     0.000000000000E+00     7.961271323387E+01     0.000000000000E+00    -4.178911092225E+01     1.000000000000E+00     0.000000000000E+00     0.000000000000E+00     0.000000000000E+00
     7.000000000000E-01     1.150631161762E+02     0.000000000000E+00     1.598494817555E+00     0.000000000000E+00     0.000000000000E+00     0.000000000000E+00     8.076338982507E+01     0.000000000000E+00    -4.177473408128E+01     1.000000000000E+00     0.000000000000E+00     0.000000000000E+00     0.000000000000E+00
     7.100000000000E-01     1.150540296438E+02     0.000000000000E+00     1.920095076994E+00     0.000000000000E+00     0.000000000000E+00     0.000000000000E+00     8.191397555472E+01     0.000000000000E+00    -4.175714111063E+01     1.000000000000E+00     0.000000000000E+00     0.000000000000E+00     0.000000000000E+00
     7.200000000000E-01     1.150449426089E+02     0.000000000000E+00     2.241669918260E+00     0.000000000000E+00     0.000000000000E+00     0.000000000000E+00     8.306447041627E+01     0.000000000000E+00    -4.173633226447E+01     1.000000000000E+00     0.000000000000E+00     0.000000000000E+00     0.000000000000E+00
     7.300000000000E-01     1.150358553730E+02     0.000000000000E+00     2.563219342935E+00     0.000000000000E+00     0.000000000000E+00     0.000000000000E+00     8.421487440622E+01     0.000000000000E+00    -4.171230779698E+01     1.000000000000E+00     0.000000000000E+00     0.000000000000E+00     0.000000000000E+00
     7.400000000000E-01     1.150267682380E+02     0.000000000000E+00     2.884743355130E+00     0.000000000000E+00     0.000000000000E+00     0.000000000000E+00     8.536518752407E+01     0.000000000000E+00    -4.168506796232E+01     1.000000000000E+00     0.000000000000E+00     0.000000000000E+00     0.000000000000E+00
     7.500000000000E-01     1.150176815054E+02     0.000000000000E+00     3.206241961488E+00     0.000000000000E+00     0.000000000000E+00     0.000000000000E+00     8.651540977232E+01     0.000000000000E+00    -4.165461301457E+01     1.000000000000E+00     0.000000000000E+00     0.000000000000E+00     0.000000000000E+00
     7.600000000000E-01     1.150085954770E+02     0.000000000000E+00     3.527715171185E+00     0.000000000000E+00     0.000000000000E+00     0.000000000000E+00     8.766554115652E+01     0.000000000000E+00    -4.162094320774E+01     1.000000000000E+00     0.000000000000E+00     0.000000000000E+00     0.000000000000E+00
     7.700000000000E-01     1.149995104544E+02     0.000000000000E+00     3.849162995925E+00     0.000000000000E+00     0.000000000000E+00     0.000000000000E+00     8.881558168522E+01     0.000000000000E+00    -4.158405879576E+01     1.000000000000E+00     0.000000000000E+00     0.000000000000E+00     0.000000000000E+00
     7.800000000000E-01     1.149904267392E+02     0.000000000000E+00     4.170585449941E+00     0.000000000000E+00     0.000000000000E+00     0.000000000000E+00     8.996553136997E+01     0.000000000000E+00    -4.154396003240E+01     1.000000000000E+00     0.000000000000E+00     0.000000000000E+00     0.000000000000E+00
     7.900000000000E-01     1.149813446326E+02     0.000000000000E+00     4.491982549992E+00     0.000000000000E+00     0.000000000000E+00     0.000000000000E+00     9.111539022536E+01     0.000000000000E+00    -4.150064717127E+01     1.000000000000E+00     0.000000000000E+00     0.000000000000E+00     0.000000000000E+00
     8.000000000000E-01     1.149722644360E+02     0.000000000000E+00     4.813354315360E+00     0.000000000000E+00     0.000000000000E+00     0.000000000000E+00     9.226515826899E+01     0.000000000000E+00    -4.145412046584E+01     1.000000000000E+00     0.000000000000E+00     0.000000000000E+00     0.000000000000E+00
     8.100000000000E-01     1.149631864501E+02     0.000000000000E+00     5.134700767846E+00     0.000000000000E+00     0.000000000000E+00     0.000000000000E+00     9.341483552145E+01     0.000000000000E+00    -4.140438016934E+01     1.000000000000E+00     0.000000000000E+00     0.000000000000E+00     0.000000000000E+00
     8.200000000000E-01     1.149541109757E+02     0.000000000000E+00     5.456021931767E+00     0.000000000000E+00     0.000000000000E+00     0.000000000000E+00     9.456442200636E+01     0.000000000000E+00    -4.135142653478E+01     1.000000000000E+00     0.000000000000E+00     0.000000000000E+00     0.000000000000E+00
     8.300000000000E-01     1.149450383132E+02     0.000000000000E+00     5.777317833949E+00     0.000000000000E+00     0.000000000000E+00     0.000000000000E+00     9.571391775034E+01     0.000000000000E+00    -4.129525981492E+01     1.000000000000E+00     0.000000000000E+00     0.000000000000E+00     0.000000000000E+00
     8.400000000000E-01     1.149359687624E+02     0.000000000000E+00     6.098588503722E+00     0.000000000000E+00     0.000000000000E+00     0.000000000000E+00     9.686332278300E+01     0.000000000000E+00    -4.123588026221E+01     1.000000000000E+00     0.000000000000E+00     0.000000000000E+00     0.000000000000E+00
     8.500000000000E-01     1.149269026228E+02     0.000000000000E+00     6.419833972916E+00     0.000000000000E+00     0.000000000000E+00     0.000000000000E+00     9.801263713696E+01     0.000000000000E+00    -4.117328812884E+01     1.000000000000E+00     0.000000000000E+00     0.000000000000E+00     0.000000000000E+00
     8.600000000000E-01     1.149178401937E+02     0.000000000000E+00     6.741054275854E+00     0.000000000000E+00     0.000000000000E+00     0.000000000000E+00     9.916186084782E+01     0.000000000000E+00    -4.110748366664E+01     1.000000000000E+00     0.000000000000E+00     0.000000000000E+00     0.000000000000E+00
     8.700000000000E-01     1.149087817736E+02     0.000000000000E+00     7.062249449343E+00     0.000000000000E+00     0.000000000000E+00     0.000000000000E+00     1.003109939542E+02     0.000000000000E+00    -4.103846712709E+01     1.000000000000E+00     0.000000000000E+00     0.000000000000E+00     0.000000000000E+00
     8.800000000000E-01     1.148997276605E+02     0.000000000000E+00     7.383419532664E+00     0.000000000000E+00     0.000000000000E+00     0.000000000000E+00     1.014600364977E+02     0.000000000000E+00    -4.096623876129E+01     1.000000000000E+00     0.000000000000E+00     0.000000000000E+00     0.000000000000E+00
     8.900000000000E-01     1.148906781519E+02     0.000000000000E+00     7.704564567572E+00     0.000000000000E+00     0.000000000000E+00     0.000000000000E+00     1.026089885228E+02     0.000000000000E+00    -4.089079881993E+01     1.000000000000E+00     0.000000000000E+00     0.000000000000E+00     0.000000000000E+00
     9.000000000000E-01     1.148816335446E+02     0.000000000000E+00     8.025684598277E+00     0.000000000000E+00     0.000000000000E+00     0.000000000000E+00     1.037578500770E+02     0.000000000000E+00    -4.081214755329E+01     1.000000000000E+00     0.000000000000E+00     0.000000000000E+00     0.000000000000E+00
     9.100000000000E-01     1.148725941347E+02     0.000000000000E+00     8.346779671440E+00     0.000000000000E+00     0.000000000000E+00     0.000000000000E+00     1.049066212110E+02     0.000000000000E+00    -4.073028521116E+01     1.000000000000E+00     0.000000000000E+00     0.000000000000E+00     0.000000000000E+00
     9.200000000000E-01     1.148635602178E+02     0.000000000000E+00     8.667849836162E+00     0.000000000000E+00     0.000000000000E+00     0.000000000000E+00     1.060553019780E+02     0.000000000000E+00    -4.064521204289E+01     1.000000000000E+00     0.000000000000E+00     0.000000000000E+00     0.000000000000E+00
     9.300000000000E-01     1.148545320885E+02     0.000000000000E+00     8.988895143974E+00     0.000000000000E+00     0.000000000000E+00     0.000000000000E+00     1.072038924346E+02     0.000000000000E+00    -4.055692829729E+01     1.000000000000E+00     0.000000000000E+00     0.000000000000E+00     0.000000000000E+00
     9.400000000000E-01     1.148455100406E+02     0.000000000000E+00     9.309915648822E+00     0.000000000000E+00     0.000000000000E+00     0.000000000000E+00     1.083523926401E+02     0.000000000000E+00    -4.046543422268E+01     1.000000000000E+00     0.000000000000E+00     0.000000000000E+00     0.000000000000E+00
     9.500000000000E-01     1.148364943673E+02     0.000000000000E+00     9.630911407059E+00     0.000000000000E+00     0.000000000000E+00     0.000000000000E+00     1.095008026567E+02     0.000000000000E+00    -4.037073006681E+01     1.000000000000E+00     0.000000000000E+00     0.000000000000E+00     0.000000000000E+00
     9.600000000000E-01     1.148274853607E+02     0.000000000000E+00     9.951882477430E+00     0.000000000000E+00     0.000000000000E+00     0.000000000000E+00     1.106491225496E+02     0.000000000000E+00    -4.027281607683E+01     1.000000000000E+00     0.000000000000E+00     0.000000000000E+00     0.000000000000E+00
     9.700000000000E-01     1.148184833120E+02     0.000000000000E+00     1.027282892106E+01     0.000000000000E+00     0.000000000000E+00     0.000000000000E+00     1.117973523871E+02     0.000000000000E+00    -4.017169249935E+01     1.000000000000E+00     0.000000000000E+00     0.000000000000E+00     0.000000000000E+00
     9.800000000000E-01     1.148094885116E+02     0.000000000000E+00     1.059375080145E+01     0.000000000000E+00     0.000000000000E+00     0.000000000000E+00     1.129454922400E+02     0.000000000000E+00    -4.006735958029E+01     1.000000000000E+00     0.000000000000E+00     0.000000000000E+00     0.000000000000E+00
     9.900000000000E-01     1.148005012486E+02     0.000000000000E+00     1.091464818443E+01     0.000000000000E+00     0.000000000000E+00     0.000000000000E+00     1.140935421824E+02     0.000000000000E+00    -3.995981756498E+01     1.000000000000E+00     0.000000000000E+00     0.000000000000E+00     0.000000000000E+00
     1.000000000000E+00     1.147915218114E+02     0.000000000000E+00     1.123552113818E+01     0.000000000000E+00     0.000000000000E+00     0.000000000000E+00     1.152415022911E+02     0.000000000000E+00    -3.984906669803E+01     1.000000000000E+00     0.000000000000E+00     0.000000000000E+00     0.000000000000E+00
     1.010000000000E+00     1.147825504870E+02     0.000000000000E+00     1.155636973322E+01     0.000000000000E+00     0.000000000000E+00     0.000000000000E+00     1.163893726457E+02     0.000000000000E+00    -3.973510722341E+01     1.000000000000E+00     0.000000000000E+00     0.000000000000E+00     0.000000000000E+00
     1.020000000000E+00     1.147735875616E+02     0.000000000000E+00     1.187719404235E+01     0.000000000000E+00     0.000000000000E+00     0.000000000000E+00     1.175371533288E+02     0.000000000000E+00    -3.961793938432E+01     1.000000000000E+00     0.000000000000E+00     0.000000000000E+00     0.000000000000E+00
     1.030000000000E+00     1.147646333198E+02     0.000000000000E+00     1.219799414068E+01     0.000000000000E+00     0.000000000000E+00     0.000000000000E+00     1.186848444259E+02     0.000000000000E+00    -3.949756342326E+01     1.000000000000E+00     0.000000000000E+00     0.000000000000E+00     0.000000000000E+00
     1.040000000000E+00     1.147556880455E+02     0.000000000000E+00     1.251877010556E+01     0.000000000000E+00     0.000000000000E+00     0.000000000000E+00     1.198324460251E+02     0.000000000000E+00    -3.937397958195E+01     1.000000000000E+00     0.000000000000E+00     0.000000000000E+00     0.000000000000E+00
     1.050000000000E+00     1.147467520209E+02     0.000000000000E+00     1.283952201665E+01     0.000000000000E+00     0.000000000000E+00     0.000000000000E+00     1.209799582176E+02     0.000000000000E+00    -3.924718810133E+01     1.000000000000E+00     0.000000000000E+00     0.000000000000E+00     0.000000000000E+00
     1.060000000000E+00     1.147378255273E+02     0.000000000000E+00     1.316024995579E+01     0.000000000000E+00     0.000000000000E+00     0.000000000000E+00     1.221273810973E+02     0.000000000000E+00    -3.911718922153E+01     1.000000000000E+00     0.000000000000E+00     0.000000000000E+00     0.000000000000E+00
     1.070000000000E+00     1.147289088445E+02     0.000000000000E+00     1.348095400709E+01     0.000000000000E+00     0.000000000000E+00     0.000000000000E+00     1.232747147609E+02     0.000000000000E+00    -3.898398318184E+01     1.000000000000E+00     0.000000000000E+00     0.000000000000E+00     0.000000000000E+00
     1.080000000000E+00     1.147200022509E+02     0.000000000000E+00     1.380163425682E+01     0.000000000000E+00     0.000000000000E+00     0.000000000000E+00     1.244219593078E+02     0.000000000000E+00    -3.884757022073E+01     1.000000000000E+00     0.000000000000E+00     0.000000000000E+00     0.000000000000E+00
     1.090000000000E+00     1.147111060235E+02     0.000000000000E+00     1.412229079347E+01     0.000000000000E+00     0.000000000000E+00     0.000000000000E+00     1.255691148405E+02     0.000000000000E+00    -3.870795057575E+01     1.000000000000E+00     0.000000000000E+00     0.000000000000E+00     0.000000000000E+00
     1.100000000000E+00     1.147022204381E+02     0.000000000000E+00     1.444292370765E+01     0.000000000000E+00     0.000000000000E+00     0.000000000000E+00     1.267161814638E+02     0.000000000000E+00    -3.856512448360E+01     1.000000000000E+00     0.000000000000E+00     0.000000000000E+00     0.000000000000E+00
     1.110000000000E+00     1.146933457687E+02     0.000000000000E+00     1.476353309215E+01     0.000000000000E+00     0.000000000000E+00     0.000000000000E+00     1.278631592856E+02     0.000000000000E+00    -3.841909218003E+01     1.000000000000E+00     0.000000000000E+00     0.000000000000E+00     0.000000000000E+00
     1.120000000000E+00     1.146844822882E+02     0.000000000000E+00     1.508411904187E+01     0.000000000000E+00     0.000000000000E+00     0.000000000000E+00     1.290100484165E+02     0.000000000000E+00    -3.826985389987E+01     1.000000000000E+00     0.000000000000E+00     0.000000000000E+00     0.000000000000E+00
     1.130000000000E+00     1.146756302675E+02     0.000000000000E+00     1.540468165378E+01     0.000000000000E+00     0.000000000000E+00     0.000000000000E+00     1.301568489696E+02     0.000000000000E+00    -3.811740987699E+01     1.000000000000E+00     0.000000000000E+00     0.000000000000E+00     0.000000000000E+00
     1.140000000000E+00     1.146667899763E+02     0.000000000000E+00     1.572522102698E+01     0.000000000000E+00     0.000000000000E+00     0.000000000000E+00     1.313035610609E+02     0.000000000000E+00    -3.796176034426E+01     1.000000000000E+00     0.000000000000E+00     0.000000000000E+00     0.000000000000E+00
     1.150000000000E+00     1.146579616826E+02     0.000000000000E+00     1.604573726259E+01     0.000000000000E+00     0.000000000000E+00     0.000000000000E+00     1.324501848091E+02     0.000000000000E+00    -3.780290553357E+01     1.000000000000E+00     0.000000000000E+00     0.000000000000E+00     0.000000000000E+00
     1.160000000000E+00     1.146491456526E+02     0.000000000000E+00     1.636623046377E+01     0.000000000000E+00     0.000000000000E+00     0.000000000000E+00     1.335967203354E+02     0.000000000000E+00    -3.764084567579E+01     1.000000000000E+00     0.000000000000E+00     0.000000000000E+00     0.000000000000E+00
     1.170000000000E+00     1.146403421510E+02     0.000000000000E+00     1.668670073570E+01     0.000000000000E+00     0.000000000000E+00     0.000000000000E+00     1.347431677639E+02     0.000000000000E+00    -3.747558100073E+01     1.000000000000E+00     0.000000000000E+00     0.000000000000E+00     0.000000000000E+00
     1.180000000000E+00     1.146315514408E+02     0.000000000000E+00     1.700714818554E+01     0.000000000000E+00     0.000000000000E+00     0.000000000000E+00     1.358895272211E+02     0.000000000000E+00    -3.730711173715E+01     1.000000000000E+00     0.000000000000E+00     0.000000000000E+00     0.000000000000E+00
     1.190000000000E+00     1.146227737832E+02     0.000000000000E+00     1.732757292242E+01     0.000000000000E+00     0.000000000000E+00     0.000000000000E+00     1.370357988362E+02     0.000000000000E+00    -3.713543811273E+01     1.000000000000E+00     0.000000000000E+00     0.000000000000E+00     0.000000000000E+00
     1.200000000000E+00     1.146140094376E+02     0.000000000000E+00     1.764797505741E+01     0.000000000000E+00     0.000000000000E+00     0.000000000000E+00     1.381819827411E+02     0.000000000000E+00    -3.696056035404E+01     1.000000000000E+00     0.000000000000E+00     0.000000000000E+00     0.000000000000E+00
     1.210000000000E+00     1.146052586616E+02     0.000000000000E+00     1.796835470349E+01     0.000000000000E+00     0.000000000000E+00     0.000000000000E+00     1.393280790702E+02     0.000000000000E+00    -3.678247868654E+01     1.000000000000E+00     0.000000000000E+00     0.000000000000E+00     0.000000000000E+00
     1.220000000000E+00     1.145965217111E+02     0.000000000000E+00     1.828871197554E+01     0.000000000000E+00     0.000000000000E+00     0.000000000000E+00     1.404740879604E+02     0.000000000000E+00    -3.660119333455E+01     1.000000000000E+00     0.000000000000E+00     0.000000000000E+00     0.000000000000E+00
     1.230000000000E+00     1.145877988400E+02     0.000000000000E+00     1.860904699030E+01     0.000000000000E+00     0.000000000000E+00     0.000000000000E+00     1.416200095514E+02     0.000000000000E+00    -3.641670452122E+01     1.000000000000E+00     0.000000000000E+00     0.000000000000E+00     0.000000000000E+00
     1.240000000000E+00     1.145790903003E+02     0.000000000000E+00     1.892935986634E+01     0.000000000000E+00     0.000000000000E+00     0.000000000000E+00     1.427658439850E+02     0.000000000000E+00    -3.622901246854E+01     1.000000000000E+00     0.000000000000E+00     0.000000000000E+00     0.000000000000E+00
     1.250000000000E+00     1.145703963423E+02     0.000000000000E+00     1.924965072408E+01     0.000000000000E+00     0.000000000000E+00     0.000000000000E+00     1.439115914060E+02     0.000000000000E+00    -3.603811739729E+01     1.000000000000E+00     0.000000000000E+00     0.000000000000E+00     0.000000000000E+00
     1.260000000000E+00     1.145617172140E+02     0.000000000000E+00     1.956991968569E+01     0.000000000000E+00     0.000000000000E+00     0.000000000000E+00     1.450572519613E+02     0.000000000000E+00    -3.584401952705E+01     1.000000000000E+00     0.000000000000E+00     0.000000000000E+00     0.000000000000E+00
     1.270000000000E+00     1.145530531617E+02     0.000000000000E+00     1.989016687513E+01     0.000000000000E+00     0.000000000000E+00     0.000000000000E+00     1.462028258005E+02     0.000000000000E+00    -3.564671907615E+01     1.000000000000E+00     0.000000000000E+00     0.000000000000E+00     0.000000000000E+00
     1.280000000000E+00     1.145444044296E+02     0.000000000000E+00     2.021039241808E+01     0.000000000000E+00     0.000000000000E+00     0.000000000000E+00     1.473483130756E+02     0.000000000000E+00    -3.544621626170E+01     1.000000000000E+00     0.000000000000E+00     0.000000000000E+00     0.000000000000E+00
     1.290000000000E+00     1.145357712599E+02     0.000000000000E+00     2.053059644193E+01     0.000000000000E+00     0.000000000000E+00     0.000000000000E+00     1.484937139410E+02     0.000000000000E+00    -3.524251129952E+01     1.000000000000E+00     0.000000000000E+00     0.000000000000E+00     0.000000000000E+00
     1.300000000000E+00     1.145271538926E+02     0.000000000000E+00     2.085077907576E+01     0.000000000000E+00     0.000000000000E+00     0.000000000000E+00     1.496390285535E+02     0.000000000000E+00    -3.503560440416E+01     1.000000000000E+00     0.000000000000E+00     0.000000000000E+00     0.000000000000E+00
     1.310000000000E+00     1.145185525658E+02     0.000000000000E+00     2.117094045030E+01     0.000000000000E+00     0.000000000000E+00     0.000000000000E+00     1.507842570723E+02     0.000000000000E+00    -3.482549578887E+01     1.000000000000E+00     0.000000000000E+00     0.000000000000E+00     0.000000000000E+00
