 controls:   0.0000000000000000       -8.3609366343100580E-002   0.0000000000000000        9.6748737441231733E-002
 A:
   -0.001685    0.000000    0.070857    0.000000  -54.463774    0.000000
    0.000000   -0.170170    0.000000   56.871252    0.000000 -343.259953
   -0.090830    0.000000   -0.567510    0.000000  321.701317    0.000000
    0.000000   -0.029568    0.000000   -1.648996    0.000263    0.596032
   -0.000256    0.000000    0.001567    0.000000   -0.553296   -0.002867
    0.000000    0.009154    0.000000   -0.040162    0.002540   -0.293405
    0.986880    0.000000    0.161455    0.000000    0.000000    0.000000
    0.000000    1.000000    0.000000    0.000000    0.000000    0.000000
   -0.161455    0.000000    0.986880    0.000000    0.000000    0.000000
    0.000000    0.000000    0.000000    0.000000   -0.040497    0.000000
    0.000000    0.000000    0.000000    0.498357    0.000000    0.040497
    0.000000    0.000000    0.000000    0.000000    0.498357    0.000000
    0.000000    0.000000    0.000000   -0.040497    0.000000    0.498357
 Amat:
   -0.001685    0.000000    0.070857    0.000000  -54.463774    0.000000
    0.000000   -0.170170    0.000000   56.871252    0.000000 -343.259953
   -0.090830    0.000000   -0.567510    0.000000  321.701317    0.000000
    0.000000   -0.029568    0.000000   -1.648996    0.000263    0.596032
   -0.000256    0.000000    0.001567    0.000000   -0.553296   -0.002867
    0.000000    0.009154    0.000000   -0.040162    0.002540   -0.293405
 Bmat:
    0.000000  -25.776875    0.000000    0.000000
    3.042753    0.000000    8.444779    0.000000
  -13.683916    0.000000    2.640784    0.000000
   -0.000000   -3.761481    0.000000    0.000000
    0.041283   -0.000000   -1.377677    0.000000
   -0.000000    0.570475   -0.000000   35.955748
