  time[s]             u[ft/s]             v[ft/s]"             w[ft/s]             p[rad/s]            q[rad/s]      "      r[rad/s]            xf[ft]              yf[ft]              "zf[ft]              e0                  ex                  ey     "             ez                  
  0.000000000000E+00  2.100000000000E+02  0.000000000000E+00  0.000000000000E+00  0.000000000000E+00  0.000000000000E+00  0.000000000000E+00  0.000000000000E+00  0.000000000000E+00 -5.000000000000E+00  9.990482215819E-01  0.000000000000E+00  4.361938736534E-02  0.000000000000E+00
  1.000000000000E-02  2.097035631570E+02  0.000000000000E+00  3.197387165231E-01  0.000000000000E+00 -5.348137476864E-04  0.000000000000E+00  2.090671363086E+00  0.000000000000E+00 -5.181302690640E+00  9.990482605452E-01  0.000000000000E+00  4.361849494800E-02  0.000000000000E+00
  2.000000000000E-02  2.094076090859E+02  0.000000000000E+00  6.364499640672E-01  0.000000000000E+00 -2.122234533145E-03  0.000000000000E+00  4.178670879217E+00  0.000000000000E+00 -5.359162292218E+00  9.990485314057E-01  0.000000000000E+00  4.361229065524E-02  0.000000000000E+00
  3.000000000000E-02  2.091118820477E+02  0.000000000000E+00  9.479793551771E-01  0.000000000000E+00 -4.731629794448E-03  0.000000000000E+00  6.264001197771E+00  0.000000000000E+00 -5.533587053121E+00  9.990492603054E-01  0.000000000000E+00  4.359559018025E-02  0.000000000000E+00
  4.000000000000E-02  2.088161565170E+02  0.000000000000E+00  1.252256990647E+00  0.000000000000E+00 -8.325881982203E-03  0.000000000000E+00  8.346662312056E+00  0.000000000000E+00 -5.704584917686E+00  9.990506654056E-01  0.000000000000E+00  4.356337857166E-02  0.000000000000E+00
  5.000000000000E-02  2.085202425292E+02  0.000000000000E+00  1.547310122582E+00  0.000000000000E+00 -1.286180763871E-02  0.000000000000E+00  1.042665177327E+01  0.000000000000E+00 -5.872163530769E+00  9.990529548858E-01  0.000000000000E+00  4.351084156798E-02  0.000000000000E+00
  6.000000000000E-02  2.082239899006E+02  0.000000000000E+00  1.831274855763E+00  0.000000000000E+00 -1.829060942311E-02  0.000000000000E+00  1.250396496594E+01  0.000000000000E+00 -6.036330247272E+00  9.990563248490E-01  0.000000000000E+00  4.343339474666E-02  0.000000000000E+00
  7.000000000000E-02  2.079272912457E+02  0.000000000000E+00  2.102406806363E+00  0.000000000000E+00 -2.455835727715E-02  0.000000000000E+00  1.457859543546E+01  0.000000000000E+00 -6.197092145563E+00  9.990609571851E-01  0.000000000000E+00  4.332671033483E-02  0.000000000000E+00
  8.000000000000E-02  2.076300837541E+02  0.000000000000E+00  2.359090644563E+00  0.000000000000E+00 -3.160649466106E-02  0.000000000000E+00  1.665053525745E+01  0.000000000000E+00 -6.354456043730E+00  9.990670174490E-01  0.000000000000E+00  4.318674154890E-02  0.000000000000E+00
  9.000000000000E-02  2.073323497244E+02  0.000000000000E+00  2.599848457415E+00  0.000000000000E+00 -3.937236555650E-02  0.000000000000E+00  1.871977543761E+01  0.000000000000E+00 -6.508428517587E+00  9.990746528117E-01  0.000000000000E+00  4.300974435082E-02  0.000000000000E+00
  1.000000000000E-01  2.070341158885E+02  0.000000000000E+00  2.823346880276E+00  0.000000000000E+00 -4.778975774526E-02  0.000000000000E+00  2.078630633061E+01  0.000000000000E+00 -6.659015919463E+00  9.990839901418E-01  0.000000000000E+00  4.279229653146E-02  0.000000000000E+00
  1.100000000000E-01  2.067354515896E+02  0.000000000000E+00  3.028402958721E+00  0.000000000000E+00 -5.678945774026E-02  0.000000000000E+00  2.285011806620E+01  0.000000000000E+00 -6.806224396835E+00  9.990951342714E-01  0.000000000000E+00  4.253131405376E-02  0.000000000000E+00
  1.200000000000E-01  2.064364659087E+02  0.000000000000E+00  3.213988717870E+00  0.000000000000E+00 -6.629981267748E-02  0.000000000000E+00  2.491120097112E+01  0.000000000000E+00 -6.950059910013E+00  9.991081665003E-01  0.000000000000E+00  4.222406461190E-02  0.000000000000E+00
  1.300000000000E-01  2.061373038574E+02  0.000000000000E+00  3.379234431736E+00  0.000000000000E+00 -7.624729447946E-02  0.000000000000E+00  2.696954597591E+01  0.000000000000E+00 -7.090528248187E+00  9.991231433806E-01  0.000000000000E+00  4.186817838554E-02  0.000000000000E+00
  1.400000000000E-01  2.058381417770E+02  0.000000000000E+00  3.523430601167E+00  0.000000000000E+00 -8.655706167480E-02  0.000000000000E+00  2.902514499658E+01  0.000000000000E+00 -7.227635043294E+00  9.991400958236E-01  0.000000000000E+00  4.146165599140E-02  0.000000000000E+00
  1.500000000000E-01  2.055391820972E+02  0.000000000000E+00  3.646028664530E+00  0.000000000000E+00 -9.715351440362E-02  0.000000000000E+00  3.107799128197E+01  0.000000000000E+00 -7.361385781303E+00  9.991590285595E-01  0.000000000000E+00  4.100287365660E-02  0.000000000000E+00
  1.600000000000E-01  2.052406476218E+02  0.000000000000E+00  3.746640480012E+00  0.000000000000E+00 -1.079608383506E-01  0.000000000000E+00  3.312807971921E+01  0.000000000000E+00 -7.491785810679E+00  9.991799199709E-01  0.000000000000E+00  4.049058565932E-02  0.000000000000E+00
  1.700000000000E-01  2.049427755085E+02  0.000000000000E+00  3.825036631782E+00  0.000000000000E+00 -1.189035336198E-01  0.000000000000E+00  3.517540709089E+01  0.000000000000E+00 -7.618840347902E+00  9.992027223163E-01  0.000000000000E+00  3.992392410271E-02  0.000000000000E+00
  1.800000000000E-01  2.046458111164E+02  0.000000000000E+00  3.881143623896E+00  0.000000000000E+00 -1.299069248887E-01  0.000000000000E+00  3.721997227907E+01  0.000000000000E+00 -7.742554480095E+00  9.992273623457E-01  0.000000000000E+00  3.930239610622E-02  0.000000000000E+00
  1.900000000000E-01  2.043500018842E+02  0.000000000000E+00  3.915040035484E+00  0.000000000000E+00 -1.408976495422E-01  0.000000000000E+00  3.926177641308E+01  0.000000000000E+00 -7.862933164898E+00  9.992537423042E-01  0.000000000000E+00  3.862587851558E-02  0.000000000000E+00
  2.000000000000E-01  2.040555913976E+02  0.000000000000E+00  3.926951718201E+00  0.000000000000E+00 -1.518041208771E-01  0.000000000000E+00  4.130082295931E+01  0.000000000000E+00 -7.979981227873E+00  9.992817413093E-01  0.000000000000E+00  3.789461024725E-02  0.000000000000E+00
  2.100000000000E-01  2.037628137904E+02  0.000000000000E+00  3.917246122124E+00  0.000000000000E+00 -1.625569638789E-01  0.000000000000E+00  4.333711775305E+01  0.000000000000E+00 -8.093703357793E+00  9.993112170800E-01  0.000000000000E+00  3.710918239675E-02  0.000000000000E+00
  2.200000000000E-01  2.034718886049E+02  0.000000000000E+00  3.886425839321E+00  0.000000000000E+00 -1.730894214797E-01  0.000000000000E+00  4.537066897379E+01  0.000000000000E+00 -8.204104100260E+00  9.993420079860E-01  0.000000000000E+00  3.627052625070E-02  0.000000000000E+00
  2.300000000000E-01  2.031830162241E+02  0.000000000000E+00  3.835121455249E+00  0.000000000000E+00 -1.833377296123E-01  0.000000000000E+00  4.740148706683E+01  0.000000000000E+00 -8.311187850130E+00  9.993739353825E-01  0.000000000000E+00  3.537989935187E-02  0.000000000000E+00
  2.400000000000E-01  2.028963739639E+02  0.000000000000E+00  3.764083797246E+00  0.000000000000E+00 -1.932414597648E-01  0.000000000000E+00  4.942958461510E+01  0.000000000000E+00 -8.414958843284E+00  9.994068061849E-01  0.000000000000E+00  3.443886977366E-02  0.000000000000E+00
  2.500000000000E-01  2.026121128924E+02  0.000000000000E+00  3.674175666987E+00  0.000000000000E+00 -2.027438280988E-01  0.000000000000E+00  5.145497616660E+01  0.000000000000E+00 -8.515421148273E+00  9.994404156387E-01  0.000000000000E+00  3.344929876588E-02  0.000000000000E+00
  2.600000000000E-01  2.023303554234E+02  0.000000000000E+00  3.566363140065E+00  0.000000000000E+00 -2.117919705311E-01  0.000000000000E+00  5.347767802309E+01  0.000000000000E+00 -8.612578658361E+00  9.994745502318E-01  0.000000000000E+00  3.241332193744E-02  0.000000000000E+00
  2.700000000000E-01  2.020511937069E+02  0.000000000000E+00  3.441706511360E+00  0.000000000000E+00 -2.203371834727E-01  0.000000000000E+00  5.549770799712E+01  0.000000000000E+00 -8.706435084491E+00  9.995089906973E-01  0.000000000000E+00  3.133332914405E-02  0.000000000000E+00
  2.800000000000E-01  2.017746888206E+02  0.000000000000E+00  3.301350959732E+00  0.000000000000E+00 -2.283351301803E-01  0.000000000000E+00  5.751508514423E+01  0.000000000000E+00 -8.796993949606E+00  9.995435150533E-01  0.000000000000E+00  3.021194325008E-02  0.000000000000E+00
  2.900000000000E-01  2.015008707433E+02  0.000000000000E+00  3.146517000308E+00  0.000000000000E+00 -2.357460129020E-01  0.000000000000E+00  5.952982947801E+01  0.000000000000E+00 -8.884258584773E+00  9.995779016245E-01  0.000000000000E+00  2.905199793363E-02  0.000000000000E+00
  3.000000000000E-01  2.012297390749E+02  0.000000000000E+00  2.978490787392E+00  0.000000000000E+00 -2.425347111860E-01  0.000000000000E+00  6.154196167553E+01  0.000000000000E+00 -8.968232127418E+00  9.996119319959E-01  0.000000000000E+00  2.785651470292E-02  0.000000000000E+00
  3.100000000000E-01  2.009612644504E+02  0.000000000000E+00  2.798614326153E+00  0.000000000000E+00 -2.486708868783E-01  0.000000000000E+00  6.355150278040E+01  0.000000000000E+00 -9.048917521964E+00  9.996453938469E-01  0.000000000000E+00  2.662867929037E-02  0.000000000000E+00
  3.200000000000E-01  2.006953905808E+02  0.000000000000E+00  2.608275646809E+00  0.000000000000E+00 -2.541290564703E-01  0.000000000000E+00  6.555847391087E+01  0.000000000000E+00 -9.126317523056E+00  9.996780836211E-01  0.000000000000E+00  2.537181758817E-02  0.000000000000E+00
  3.300000000000E-01  2.004320368398E+02  0.000000000000E+00  2.408898991346E+00  0.000000000000E+00 -2.588886315578E-01  0.000000000000E+00  6.756289597945E+01  0.000000000000E+00 -9.200434701469E+00  9.997098089901E-01  0.000000000000E+00  2.408937128609E-02  0.000000000000E+00
  3.400000000000E-01  2.001711013103E+02  0.000000000000E+00  2.201935059690E+00  0.000000000000E+00 -2.629339282721E-01  0.000000000000E+00  6.956478943024E+01  0.000000000000E+00 -9.271271452744E+00  9.997403910744E-01  0.000000000000E+00  2.278487336896E-02  0.000000000000E+00
  3.500000000000E-01  1.999124641921E+02  0.000000000000E+00  1.988851359993E+00  0.000000000000E+00 -2.662541466159E-01  0.000000000000E+00  7.156417399937E+01  0.000000000000E+00 -9.338830008468E+00  9.997696663903E-01  0.000000000000E+00  2.146192362697E-02  0.000000000000E+00
  3.600000000000E-01  1.996559914718E+02  0.000000000000E+00  1.771122705981E+00  0.000000000000E+00 -2.688433207134E-01  0.000000000000E+00  7.356106850313E+01  0.000000000000E+00 -9.403112450087E+00  9.997974884996E-01  0.000000000000E+00  2.012416432776E-02  0.000000000000E+00
  3.700000000000E-01  1.994015387529E+02  0.000000000000E+00  1.550221903273E+00  0.000000000000E+00 -2.707002410523E-01  0.000000000000E+00  7.555549065742E+01  0.000000000000E+00 -9.464120725025E+00  9.998237293417E-01  0.000000000000E+00  1.877525619442E-02  0.000000000000E+00
  3.800000000000E-01  1.991489551447E+02  0.000000000000E+00  1.327610665910E+00  0.000000000000E+00 -2.718283498672E-01  0.000000000000E+00  7.754745693140E+01  0.000000000000E+00 -9.521856664869E+00  9.998482802388E-01  0.000000000000E+00  1.741885482825E-02  0.000000000000E+00
  3.900000000000E-01  1.988980871117E+02  0.000000000000E+00  1.104730804036E+00  0.000000000000E+00 -2.722356108883E-01  0.000000000000E+00  7.953698243702E+01  0.000000000000E+00 -9.576322005272E+00  9.998710525667E-01  0.000000000000E+00  1.605858770956E-02  0.000000000000E+00
  4.000000000000E-01  1.986487821913E+02  0.000000000000E+00  8.829957234096E-01  0.000000000000E+00 -2.719343547615E-01  0.000000000000E+00  8.152408085545E+01  0.000000000000E+00 -9.627518407243E+00  9.998919780947E-01  0.000000000000E+00  1.469803190354E-02  0.000000000000E+00
  4.100000000000E-01  1.984008924941E+02  0.000000000000E+00  6.637822771878E-01  0.000000000000E+00 -2.709411015311E-01  0.000000000000E+00  8.350876440011E+01  0.000000000000E+00 -9.675447479414E+00  9.999110090009E-01  0.000000000000E+00  1.334069259179E-02  0.000000000000E+00
  4.200000000000E-01  1.981542779107E+02  0.000000000000E+00  4.484230099224E-01  0.000000000000E+00 -2.692763616696E-01  0.000000000000E+00  8.549104381549E+01  0.000000000000E+00 -9.720110800890E+00  9.999281175758E-01  0.000000000000E+00  1.198998254263E-02  0.000000000000E+00
  4.300000000000E-01  1.979088089597E+02  0.000000000000E+00  2.381988328454E-01  0.000000000000E+00 -2.669644172344E-01  0.000000000000E+00  8.747092840994E+01  0.000000000000E+00 -9.761509944266E+00  9.999432956340E-01  0.000000000000E+00  1.064920262598E-02  0.000000000000E+00
  4.400000000000E-01  1.976643692221E+02  0.000000000000E+00  3.433216817284E-02  0.000000000000E+00 -2.640330848304E-01  0.000000000000E+00  8.944842611974E+01  0.000000000000E+00 -9.799646498400E+00  9.999565536563E-01  0.000000000000E+00  9.321523469970E-03  0.000000000000E+00
  4.500000000000E-01  1.974208573214E+02  0.000000000000E+00 -1.620194017880E-01  0.000000000000E+00 -2.605134621532E-01  0.000000000000E+00  9.142354360139E+01  0.000000000000E+00 -9.834522090565E+00  9.999679196890E-01  0.000000000000E+00  8.009968347742E-03  0.000000000000E+00
  4.600000000000E-01  1.971781884215E+02  0.000000000000E+00 -3.497689475304E-01  0.000000000000E+00 -2.564396599802E-01  0.000000000000E+00  9.339628634829E+01  0.000000000000E+00 -9.866138407601E+00  9.999774380317E-01  0.000000000000E+00  6.717397373720E-03  0.000000000000E+00
  4.700000000000E-01  1.969362952260E+02  0.000000000000E+00 -5.279054372905E-01  0.000000000000E+00 -2.518485215616E-01  0.000000000000E+00  9.536665882767E+01  0.000000000000E+00 -9.894497215751E+00  9.999851677466E-01  0.000000000000E+00  5.446493078471E-03  0.000000000000E+00
  4.800000000000E-01  1.966951284784E+02  0.000000000000E+00 -6.954983879907E-01  0.000000000000E+00 -2.467793314346E-01  0.000000000000E+00  9.733466463321E+01  0.000000000000E+00 -9.919600378893E+00  9.999911810219E-01  0.000000000000E+00  4.199747421274E-03  0.000000000000E+00
  4.900000000000E-01  1.964546569721E+02  0.000000000000E+00 -8.517019006186E-01  0.000000000000E+00 -2.412735157456E-01  0.000000000000E+00  9.930030664873E+01  0.000000000000E+00 -9.941449874926E+00  9.999955614281E-01  0.000000000000E+00  2.979450288822E-03  0.000000000000E+00
  5.000000000000E-01  1.962148670947E+02  0.000000000000E+00 -9.957580634713E-01  0.000000000000E+00 -2.353743361999E-01  0.000000000000E+00  1.012635872182E+02  0.000000000000E+00 -9.960047810131E+00  9.999984020997E-01  0.000000000000E+00  1.787679517635E-03  0.000000000000E+00
  5.100000000000E-01  1.959757619372E+02  0.000000000000E+00 -1.126999712077E+00  0.000000000000E+00 -2.291265797853E-01  0.000000000000E+00  1.032245083176E+02  0.000000000000E+00 -9.975396431375E+00  9.999998038789E-01  0.000000000000E+00  6.262924668229E-04  0.000000000000E+00
  5.200000000000E-01  1.957373600119E+02  0.000000000000E+00 -1.244852540254E+00  0.000000000000E+00 -2.225762464098E-01  0.000000000000E+00  1.051830717235E+02  0.000000000000E+00 -9.987498136078E+00  9.999998734548E-01  0.000000000000E+00 -5.030808432083E-04  0.000000000000E+00
  5.300000000000E-01  1.954996936293E+02  0.000000000000E+00 -1.348836562529E+00  0.000000000000E+00 -2.157702365730E-01  0.000000000000E+00  1.071392791750E+02  0.000000000000E+00 -9.996355479930E+00  9.999987215299E-01  0.000000000000E+00 -1.599043021403E-03  0.000000000000E+00
  5.400000000000E-01  1.952628069905E+02  0.000000000000E+00 -1.438566933875E+00  0.000000000000E+00 -2.087560411443E-01  0.000000000000E+00  1.090931325247E+02  0.000000000000E+00 -1.000197118238E+01  9.999964610418E-01  0.000000000000E+00 -2.660433032063E-03  0.000000000000E+00
  5.500000000000E-01  1.950267540559E+02  0.000000000000E+00 -1.513754138290E+00  0.000000000000E+00 -2.015814352535E-01  0.000000000000E+00  1.110446338754E+02  0.000000000000E+00 -1.000434812996E+01  9.999932054685E-01  0.000000000000E+00 -3.686328372595E-03  0.000000000000E+00
  5.600000000000E-01  1.947915962554E+02  0.000000000000E+00 -1.574203563000E+00  0.000000000000E+00 -1.942941782117E-01  0.000000000000E+00  1.129937856995E+02  0.000000000000E+00 -1.000348937763E+01  9.999890672384E-01  0.000000000000E+00 -4.676045729321E-03  0.000000000000E+00
  5.700000000000E-01  1.945574001047E+02  0.000000000000E+00 -1.619814479912E+00  0.000000000000E+00 -1.869417212743E-01  0.000000000000E+00  1.149405909390E+02  0.000000000000E+00 -9.999398148191E+00  9.999841562651E-01  0.000000000000E+00 -5.629140147080E-03  0.000000000000E+00
  5.800000000000E-01  1.943242347918E+02  0.000000000000E+00 -1.650578460260E+00  0.000000000000E+00 -1.795709249376E-01  0.000000000000E+00  1.168850530846E+02  0.000000000000E+00 -9.992077830008E+00  9.999785786219E-01  0.000000000000E+00 -6.545402757167E-03  0.000000000000E+00
  5.900000000000E-01  1.940921697983E+02  0.000000000000E+00 -1.666577252126E+00  0.000000000000E+00 -1.722277873242E-01  0.000000000000E+00  1.188271762324E+02  0.000000000000E+00 -9.981531973308E+00  9.999724353685E-01  0.000000000000E+00 -7.424857116225E-03  0.000000000000E+00
  6.000000000000E-01  1.938612726120E+02  0.000000000000E+00 -1.667980153652E+00  0.000000000000E+00 -1.649571850716E-01  0.000000000000E+00  1.207669651177E+02  0.000000000000E+00 -9.967764285148E+00  9.999658215360E-01  0.000000000000E+00 -8.267754216164E-03  0.000000000000E+00
  6.100000000000E-01  1.936316065867E+02  0.000000000000E+00 -1.655040917181E+00  0.000000000000E+00 -1.578026279842E-01  0.000000000000E+00  1.227044251264E+02  0.000000000000E+00 -9.950778623366E+00  9.999588252762E-01  0.000000000000E+00 -9.074566231713E-03  0.000000000000E+00
  6.200000000000E-01  1.934032289966E+02  0.000000000000E+00 -1.628094221426E+00  0.000000000000E+00 -1.508060285606E-01  0.000000000000E+00  1.246395622842E+02  0.000000000000E+00 -9.930578989715E+00  9.999515271732E-01  0.000000000000E+00 -9.845979078118E-03  0.000000000000E+00
  6.300000000000E-01  1.931761893263E+02  0.000000000000E+00 -1.587551749972E+00  0.000000000000E+00 -1.440074873498E-01  0.000000000000E+00  1.265723832259E+02  0.000000000000E+00 -9.907169522397E+00  9.999439997166E-01  0.000000000000E+00 -1.058288385651E-02  0.000000000000E+00
  6.400000000000E-01  1.929505278306E+02  0.000000000000E+00 -1.533897915067E+00  0.000000000000E+00 -1.374450949421E-01  0.000000000000E+00  1.285028951440E+02  0.000000000000E+00 -9.880554488201E+00  9.999363069285E-01  0.000000000000E+00 -1.128636726871E-02  0.000000000000E+00
  6.500000000000E-01  1.927262743894E+02  0.000000000000E+00 -1.467685265826E+00  0.000000000000E+00 -1.311547512520E-01  0.000000000000E+00  1.304311057224E+02  0.000000000000E+00 -9.850738274431E+00  9.999285041365E-01  0.000000000000E+00 -1.195770108692E-02  0.000000000000E+00
  6.600000000000E-01  1.925034476751E+02  0.000000000000E+00 -1.389529619733E+00  0.000000000000E+00 -1.251700026110E-01  0.000000000000E+00  1.323570230538E+02  0.000000000000E+00 -9.817725380788E+00  9.999206378818E-01  0.000000000000E+00 -1.259833076622E-02  0.000000000000E+00
  6.700000000000E-01  1.922820546418E+02  0.000000000000E+00 -1.300104955722E+00  0.000000000000E+00 -1.195218970553E-01  0.000000000000E+00  1.342806555466E+02  0.000000000000E+00 -9.781520411336E+00  9.999127459493E-01  0.000000000000E+00 -1.320986329037E-02  0.000000000000E+00
  6.800000000000E-01  1.920620903373E+02  0.000000000000E+00 -1.200138106296E+00  0.000000000000E+00 -1.142388580686E-01  0.000000000000E+00  1.362020118219E+02  0.000000000000E+00 -9.742128066661E+00  9.999048575064E-01  0.000000000000E+00 -1.379405434250E-02  0.000000000000E+00
  6.900000000000E-01  1.918435380302E+02  0.000000000000E+00 -1.090403285100E+00  0.000000000000E+00 -1.093465769274E-01  0.000000000000E+00  1.381211006050E+02  0.000000000000E+00 -9.699553136301E+00  9.998969933342E-01  0.000000000000E+00 -1.435279489348E-02  0.000000000000E+00
  7.000000000000E-01  1.916263696399E+02  0.000000000000E+00 -9.717164853050E-01  0.000000000000E+00 -1.048679236861E-01  0.000000000000E+00  1.400379306143E+02  0.000000000000E+00 -9.653800491490E+00  9.998891661373E-01  0.000000000000E+00 -1.488809730089E-02  0.000000000000E+00
  7.100000000000E-01  1.914105464471E+02  0.000000000000E+00 -8.449297829509E-01  0.000000000000E+00 -1.008228767441E-01  0.000000000000E+00  1.419525104496E+02  0.000000000000E+00 -9.604875078239E+00  9.998813809150E-01  0.000000000000E+00 -1.540208101167E-02  0.000000000000E+00
  7.200000000000E-01  1.911960200591E+02  0.000000000000E+00 -7.109255783025E-01  0.000000000000E+00 -9.722847084458E-02  0.000000000000E+00  1.438648484842E+02  0.000000000000E+00 -9.552781910736E+00  9.998736353798E-01  0.000000000000E+00 -1.589695796058E-02  0.000000000000E+00
  7.300000000000E-01  1.909827335979E+02  0.000000000000E+00 -5.706108071680E-01  0.000000000000E+00 -9.409876327375E-02  0.000000000000E+00  1.457749527621E+02  0.000000000000E+00 -9.497526065037E+00  9.998659204081E-01  0.000000000000E+00 -1.637501775608E-02  0.000000000000E+00
  7.400000000000E-01  1.907706230766E+02  0.000000000000E+00 -4.249111531149E-01  0.000000000000E+00 -9.144481794682E-02  0.000000000000E+00  1.476828309041E+02  0.000000000000E+00 -9.439112672990E+00  9.998582205097E-01  0.000000000000E+00 -1.683861274329E-02  0.000000000000E+00
  7.500000000000E-01  1.905596189240E+02  0.000000000000E+00 -2.747652905838E-01  0.000000000000E+00 -8.927470699889E-02  0.000000000000E+00  1.495884900233E+02  0.000000000000E+00 -9.377546916319E+00  9.998505143040E-01  0.000000000000E+00 -1.729014303256E-02  0.000000000000E+00
  7.600000000000E-01  1.903496476179E+02  0.000000000000E+00 -1.211191880359E-01  0.000000000000E+00 -8.759352942558E-02  0.000000000000E+00  1.514919366543E+02  0.000000000000E+00 -9.312834020784E+00  9.998427749909E-01  0.000000000000E+00 -1.773204157948E-02  0.000000000000E+00
  7.700000000000E-01  1.901406333847E+02  0.000000000000E+00  3.507950053830E-02  0.000000000000E+00 -8.640344625363E-02  0.000000000000E+00  1.533931766952E+02  0.000000000000E+00 -9.244979250319E+00  9.998349708091E-01  0.000000000000E+00 -1.816675940020E-02  0.000000000000E+00
  7.800000000000E-01  1.899324999241E+02  0.000000000000E+00  1.928869281985E-01  0.000000000000E+00 -8.570373165631E-02  0.000000000000E+00  1.552922153650E+02  0.000000000000E+00 -9.173987901058E+00  9.998270654729E-01  0.000000000000E+00 -1.859675100305E-02  0.000000000000E+00
  7.900000000000E-01  1.897251721171E+02  0.000000000000E+00  3.513684049516E-01  0.000000000000E+00 -8.549083936594E-02  0.000000000000E+00  1.571890571769E+02  0.000000000000E+00 -9.099865295146E+00  9.998190185815E-01  0.000000000000E+00 -1.902446011418E-02  0.000000000000E+00
  8.000000000000E-01  1.895185776790E+02  0.000000000000E+00  5.096035790209E-01  0.000000000000E+00 -8.575848367412E-02  0.000000000000E+00  1.590837059280E+02  0.000000000000E+00 -9.022616774245E+00  9.998107859991E-01  0.000000000000E+00 -1.945230577194E-02  0.000000000000E+00
  8.100000000000E-01  1.893126487208E+02  0.000000000000E+00  6.666914244430E-01  0.000000000000E+00 -8.649773425053E-02  0.000000000000E+00  1.609761647043E+02  0.000000000000E+00 -8.942247692664E+00  9.998023202008E-01  0.000000000000E+00 -1.988266886085E-02  0.000000000000E+00
  8.200000000000E-01  1.891073231855E+02  0.000000000000E+00  8.217550109689E-01  0.000000000000E+00 -8.769712395234E-02  0.000000000000E+00  1.628664359027E+02  0.000000000000E+00 -8.858763410031E+00  9.997935705868E-01  0.000000000000E+00 -2.031787915197E-02  0.000000000000E+00
  8.300000000000E-01  1.889025461301E+02  0.000000000000E+00  9.739460334189E-01  0.000000000000E+00 -8.934276874032E-02  0.000000000000E+00  1.647545212669E+02  0.000000000000E+00 -8.772169283478E+00  9.997844837639E-01  0.000000000000E+00 -2.076020291253E-02  0.000000000000E+00
  8.400000000000E-01  1.886982708291E+02  0.000000000000E+00  1.122449078990E+00  0.000000000000E+00 -9.141849876404E-02  0.000000000000E+00  1.666404219379E+02  0.000000000000E+00 -8.682470659283E+00  9.997750037981E-01  0.000000000000E+00 -2.121183114282E-02  0.000000000000E+00
  8.500000000000E-01  1.884944596789E+02  0.000000000000E+00  1.266485612563E+00  0.000000000000E+00 -9.390599962895E-02  0.000000000000E+00  1.685241385172E+02  0.000000000000E+00 -8.589672863993E+00  9.997650724424E-01  0.000000000000E+00 -2.167486849391E-02  0.000000000000E+00
  8.600000000000E-01  1.882910848895E+02  0.000000000000E+00  1.405317661820E+00  0.000000000000E+00 -9.678496281248E-02  0.000000000000E+00  1.704056711408E+02  0.000000000000E+00 -8.493781195009E+00  9.997546293432E-01  0.000000000000E+00 -2.215132291433E-02  0.000000000000E+00
  8.700000000000E-01  1.880881289532E+02  0.000000000000E+00  1.538251185939E+00  0.000000000000E+00 -1.000332441570E-01  0.000000000000E+00  1.722850195619E+02  0.000000000000E+00 -8.394800910699E+00  9.997436122329E-01  0.000000000000E+00 -2.264309606910E-02  0.000000000000E+00
  8.800000000000E-01  1.878855848862E+02  0.000000000000E+00  1.664639113805E+00  0.000000000000E+00 -1.036270293339E-01  0.000000000000E+00  1.741621832417E+02  0.000000000000E+00 -8.292737220084E+00  9.997319571133E-01  0.000000000000E+00 -2.315197456863E-02  0.000000000000E+00
  8.900000000000E-01  1.876834562452E+02  0.000000000000E+00  1.783884040028E+00  0.000000000000E+00 -1.075410051473E-01  0.000000000000E+00  1.760371614452E+02  0.000000000000E+00 -8.187595272182E+00  9.997195984375E-01  0.000000000000E+00 -2.367962203971E-02  0.000000000000E+00
  9.000000000000E-01  1.874817569240E+02  0.000000000000E+00  1.895440569539E+00  0.000000000000E+00 -1.117485355281E-01  0.000000000000E+00  1.779099533393E+02  0.000000000000E+00 -8.079380145117E+00  9.997064692958E-01  0.000000000000E+00 -2.422757206513E-02  0.000000000000E+00
  9.100000000000E-01  1.872805107421E+02  0.000000000000E+00  1.998817304174E+00  0.000000000000E+00 -1.162218410609E-01  0.000000000000E+00  1.797805580924E+02  0.000000000000E+00 -7.968096835112E+00  9.996925016126E-01  0.000000000000E+00 -2.479722201246E-02  0.000000000000E+00
  9.200000000000E-01  1.870797508385E+02  0.000000000000E+00  2.093578467313E+00  0.000000000000E+00 -1.209321808857E-01  0.000000000000E+00  1.816489749730E+02  0.000000000000E+00 -7.853750245498E+00  9.996776263606E-01  0.000000000000E+00 -2.538982776713E-02  0.000000000000E+00
  9.300000000000E-01  1.868795188921E+02  0.000000000000E+00  2.179345165402E+00  0.000000000000E+00 -1.258500358271E-01  0.000000000000E+00  1.835152034444E+02  0.000000000000E+00 -7.736345175896E+00  9.996617737965E-01  0.000000000000E+00 -2.600649937891E-02  0.000000000000E+00
  9.400000000000E-01  1.866798641874E+02  0.000000000000E+00  2.255796287836E+00  0.000000000000E+00 -1.309452916226E-01  0.000000000000E+00  1.853792432551E+02  0.000000000000E+00 -7.615886311712E+00  9.996448737243E-01  0.000000000000E+00 -2.664819762526E-02  0.000000000000E+00
  9.500000000000E-01  1.864808425532E+02  0.000000000000E+00  2.322669049360E+00  0.000000000000E+00 -1.361874211511E-01  0.000000000000E+00  1.872410945213E+02  0.000000000000E+00 -7.492378214126E+00  9.996268557883E-01  0.000000000000E+00 -2.731573148958E-02  0.000000000000E+00
  9.600000000000E-01  1.862825151981E+02  0.000000000000E+00  2.379759181657E+00  0.000000000000E+00 -1.415456645985E-01  0.000000000000E+00  1.891007578028E+02  0.000000000000E+00 -7.365825310716E+00  9.996076497998E-01  0.000000000000E+00 -2.800975654693E-02  0.000000000000E+00
  9.700000000000E-01  1.860849474721E+02  0.000000000000E+00  2.426920783137E+00  0.000000000000E+00 -1.469892065450E-01  0.000000000000E+00  1.909582341672E+02  0.000000000000E+00 -7.236231886888E+00  9.995871860980E-01  0.000000000000E+00 -2.873077424443E-02  0.000000000000E+00
  9.800000000000E-01  1.858882075809E+02  0.000000000000E+00  2.464065838183E+00  0.000000000000E+00 -1.524873490101E-01  0.000000000000E+00  1.928135252453E+02  0.000000000000E+00 -7.103602078251E+00  9.995653959462E-01  0.000000000000E+00 -2.947913205891E-02  0.000000000000E+00
  9.900000000000E-01  1.856923652832E+02  0.000000000000E+00  2.491163419030E+00  0.000000000000E+00 -1.580096795510E-01  0.000000000000E+00  1.946666332738E+02  0.000000000000E+00 -6.967939864083E+00  9.995422119610E-01  0.000000000000E+00 -3.025502450937E-02  0.000000000000E+00
  1.000000000000E+00  1.854974905954E+02  0.000000000000E+00  2.508238585202E+00  0.000000000000E+00 -1.635262335745E-01  0.000000000000E+00  1.965175611264E+02  0.000000000000E+00 -6.829249062009E+00  9.995175685742E-01  0.000000000000E+00 -3.105849499774E-02  0.000000000000E+00
  1.010000000000E+00  1.853036525334E+02  0.000000000000E+00  2.515370996919E+00  0.000000000000E+00 -1.690076500916E-01  0.000000000000E+00  1.983663123329E+02  0.000000000000E+00 -6.687533323995E+00  9.994914025221E-01  0.000000000000E+00 -3.188943844709E-02  0.000000000000E+00
  1.020000000000E+00  1.851109179124E+02  0.000000000000E+00  2.512693260092E+00  0.000000000000E+00 -1.744253202142E-01  0.000000000000E+00  2.002128910858E+02  0.000000000000E+00 -6.542796133748E+00  9.994636533593E-01  0.000000000000E+00 -3.274760470291E-02  0.000000000000E+00
  1.030000000000E+00  1.849193502294E+02  0.000000000000E+00  2.500389021485E+00  0.000000000000E+00 -1.797515277676E-01  0.000000000000E+00  2.020573022346E+02  0.000000000000E+00 -6.395040805582E+00  9.994342639905E-01  0.000000000000E+00 -3.363260265980E-02  0.000000000000E+00
  1.040000000000E+00  1.847290086467E+02  0.000000000000E+00  2.478690833350E+00  0.000000000000E+00 -1.849595814665E-01  0.000000000000E+00  2.038995512689E+02  0.000000000000E+00 -6.244270484796E+00  9.994031812148E-01  0.000000000000E+00 -3.454390507260E-02  0.000000000000E+00
  1.050000000000E+00  1.845399470937E+02  0.000000000000E+00  2.447877807308E+00  0.000000000000E+00 -1.900239381745E-01  0.000000000000E+00  2.057396442907E+02  0.000000000000E+00 -6.090488149566E+00  9.993703562738E-01  0.000000000000E+00 -3.548085400878E-02  0.000000000000E+00
  1.060000000000E+00  1.843522134995E+02  0.000000000000E+00  2.408273077519E+00  0.000000000000E+00 -1.949203168410E-01  0.000000000000E+00  2.075775879765E+02  0.000000000000E+00 -5.933696614362E+00  9.993357453977E-01  0.000000000000E+00 -3.644266689633E-02  0.000000000000E+00
  1.070000000000E+00  1.841658491684E+02  0.000000000000E+00  2.360241093271E+00  0.000000000000E+00 -1.996258027786E-01  0.000000000000E+00  2.094133895306E+02  0.000000000000E+00 -5.773898534833E+00  9.992993103398E-01  0.000000000000E+00 -3.742844311959E-02  0.000000000000E+00
  1.080000000000E+00  1.839808883031E+02  0.000000000000E+00  2.304184761012E+00  0.000000000000E+00 -2.041189420126E-01  0.000000000000E+00  2.112470566308E+02  0.000000000000E+00 -5.611096414117E+00  9.992610188918E-01  0.000000000000E+00 -3.843717111392E-02  0.000000000000E+00
  1.090000000000E+00  1.837973576804E+02  0.000000000000E+00  2.240542455657E+00  0.000000000000E+00 -2.083798254985E-01  0.000000000000E+00  2.130785973671E+02  0.000000000000E+00 -5.445292610484E+00  9.992208453701E-01  0.000000000000E+00 -3.946773590887E-02  0.000000000000E+00
  1.100000000000E+00  1.836152764803E+02  0.000000000000E+00  2.169784920643E+00  0.000000000000E+00 -2.123901630646E-01  0.000000000000E+00  2.149080201767E+02  0.000000000000E+00 -5.276489346218E+00  9.991787710661E-01  0.000000000000E+00 -4.051892706846E-02  0.000000000000E+00
  1.110000000000E+00  1.834346562637E+02  0.000000000000E+00  2.092412075833E+00  0.000000000000E+00 -2.161333469962E-01  0.000000000000E+00  2.167353337738E+02  0.000000000000E+00 -5.104688717593E+00  9.991347846513E-01  0.000000000000E+00 -4.158944697669E-02  0.000000000000E+00
  1.120000000000E+00  1.832555010944E+02  0.000000000000E+00  2.008949751872E+00  0.000000000000E+00 -2.195945052288E-01  0.000000000000E+00  2.185605470783E+02  0.000000000000E+00 -4.929892705842E+00  9.990888825296E-01  0.000000000000E+00 -4.267791941616E-02  0.000000000000E+00
  1.130000000000E+00  1.830778077973E+02  0.000000000000E+00  1.919946369124E+00  0.000000000000E+00 -2.227605441736E-01  0.000000000000E+00  2.203836691436E+02  0.000000000000E+00 -4.752103188920E+00  9.990410691302E-01  0.000000000000E+00 -4.378289838718E-02  0.000000000000E+00
  1.140000000000E+00  1.829015663403E+02  0.000000000000E+00  1.825969578799E+00  0.000000000000E+00 -2.256201812403E-01  0.000000000000E+00  2.222047090848E+02  0.000000000000E+00 -4.571321953929E+00  9.989913571332E-01  0.000000000000E+00 -4.490287711549E-02  0.000000000000E+00
  1.150000000000E+00  1.827267603285E+02  0.000000000000E+00  1.727602883360E+00  0.000000000000E+00 -2.281639671720E-01  0.000000000000E+00  2.240236760090E+02  0.000000000000E+00 -4.387550710027E+00  9.989397676239E-01  0.000000000000E+00 -4.603629719670E-02  0.000000000000E+00
  1.160000000000E+00  1.825533675955E+02  0.000000000000E+00  1.625442252789E+00  0.000000000000E+00 -2.303842983456E-01  0.000000000000E+00  2.258405789488E+02  0.000000000000E+00 -4.200791101623E+00  9.988863301703E-01  0.000000000000E+00 -4.718155782650E-02  0.000000000000E+00
  1.170000000000E+00  1.823813608753E+02  0.000000000000E+00  1.520092752791E+00  0.000000000000E+00 -2.322754192297E-01  0.000000000000E+00  2.276554268004E+02  0.000000000000E+00 -4.011044721721E+00  9.988310828202E-01  0.000000000000E+00 -4.833702506616E-02  0.000000000000E+00
  1.180000000000E+00  1.822107085388E+02  0.000000000000E+00  1.412165200545E+00  0.000000000000E+00 -2.338334152333E-01  0.000000000000E+00  2.294682282662E+02  0.000000000000E+00 -3.818313125192E+00  9.987740720156E-01  0.000000000000E+00 -4.950104109446E-02  0.000000000000E+00
  1.190000000000E+00  1.820413753762E+02  0.000000000000E+00  1.302272863111E+00  0.000000000000E+00 -2.350561962080E-01  0.000000000000E+00  2.312789918043E+02  0.000000000000E+00 -3.622597841844E+00  9.987153524232E-01  0.000000000000E+00 -5.067193339792E-02  0.000000000000E+00
  1.200000000000E+00  1.818733234090E+02  0.000000000000E+00  1.191028213149E+00  0.000000000000E+00 -2.359434709045E-01  0.000000000000E+00  2.330877255845E+02  0.000000000000E+00 -3.423900389109E+00  9.986549866809E-01  0.000000000000E+00 -5.184802385285E-02  0.000000000000E+00
  1.210000000000E+00  1.817065127121E+02  0.000000000000E+00  1.079039756128E+00  0.000000000000E+00 -2.364967127143E-01  0.000000000000E+00  2.348944374512E+02  0.000000000000E+00 -3.222222284203E+00  9.985930450613E-01  0.000000000000E+00 -5.302763765445E-02  0.000000000000E+00
  1.220000000000E+00  1.815409022303E+02  0.000000000000E+00  9.669089427236E-01  0.000000000000E+00 -2.367191170581E-01  0.000000000000E+00  2.366991348945E+02  0.000000000000E+00 -3.017565055626E+00  9.985296050547E-01  0.000000000000E+00 -5.420911204982E-02  0.000000000000E+00
  1.230000000000E+00  1.813764505729E+02  0.000000000000E+00  8.552271795748E-01  0.000000000000E+00 -2.366155508122E-01  0.000000000000E+00  2.385018250287E+02  0.000000000000E+00 -2.809930253881E+00  9.984647508750E-01  0.000000000000E+00 -5.539080483359E-02  0.000000000000E+00
  1.240000000000E+00  1.812131167705E+02  0.000000000000E+00  7.445729510468E-01  0.000000000000E+00 -2.361924941935E-01  0.000000000000E+00  2.403025145790E+02  0.000000000000E+00 -2.599319461317E+00  9.983985728928E-01  0.000000000000E+00 -5.657110256737E-02  0.000000000000E+00
  1.250000000000E+00  1.810508609803E+02  0.000000000000E+00  6.355090640481E-01  0.000000000000E+00 -2.354579755472E-01  0.000000000000E+00  2.421012098750E+02  0.000000000000E+00 -2.385734301011E+00  9.983311670019E-01  0.000000000000E+00 -5.774842848591E-02  0.000000000000E+00
  1.260000000000E+00  1.808896451289E+02  0.000000000000E+00  5.285800273048E-01  0.000000000000E+00 -2.344214995121E-01  0.000000000000E+00  2.438979168527E+02  0.000000000000E+00 -2.169176444628E+00  9.982626339255E-01  0.000000000000E+00 -5.892125005578E-02  0.000000000000E+00
  1.270000000000E+00  1.807294334810E+02  0.000000000000E+00  4.243095757961E-01  0.000000000000E+00 -2.330939690559E-01  0.000000000000E+00  2.456926410625E+02  0.000000000000E+00 -1.949647619221E+00  9.981930784684E-01  0.000000000000E+00 -6.008808615435E-02  0.000000000000E+00
  1.280000000000E+00  1.805701931264E+02  0.000000000000E+00  3.231983502778E-01  0.000000000000E+00 -2.314876018989E-01  0.000000000000E+00  2.474853876839E+02  0.000000000000E+00 -1.727149612953E+00  9.981226087252E-01  0.000000000000E+00 -6.124751384005E-02  0.000000000000E+00
  1.290000000000E+00  1.804118943788E+02  0.000000000000E+00  2.257217409820E-01  0.000000000000E+00 -2.296158418633E-01  0.000000000000E+00  2.492761615461E+02  0.000000000000E+00 -1.501684279743E+00  9.980513352507E-01  0.000000000000E+00 -6.239817468699E-02  0.000000000000E+00
  1.300000000000E+00  1.802545110817E+02  0.000000000000E+00  1.323279036694E-01  0.000000000000E+00 -2.274932657009E-01  0.000000000000E+00  2.510649671531E+02  0.000000000000E+00 -1.273253542853E+00  9.979793702037E-01  0.000000000000E+00 -6.353878066040E-02  0.000000000000E+00
  1.310000000000E+00  1.800980208205E+02  0.000000000000E+00  4.343595523132E-02  0.000000000000E+00 -2.251354859675E-01  0.000000000000E+00  2.528518087134E+02  0.000000000000E+00 -1.041859397459E+00  9.979068264717E-01  0.000000000000E+00 -6.466811951179E-02  0.000000000000E+00
  1.320000000000E+00  1.799424050392E+02  0.000000000000E+00 -4.056564500075E-02  0.000000000000E+00 -2.225590505241E-01  0.000000000000E+00  2.546366901727E+02  0.000000000000E+00 -8.075039122640E-01  9.978338167869E-01  0.000000000000E+00 -6.578505967601E-02  0.000000000000E+00
  1.330000000000E+00  1.797876490648E+02  0.000000000000E+00 -1.193205231721E-01  0.000000000000E+00 -2.197813392526E-01  0.000000000000E+00  2.564196152490E+02  0.000000000000E+00 -5.701892302191E-01  9.977604528423E-01  0.000000000000E+00 -6.688855465514E-02  0.000000000000E+00
  1.340000000000E+00  1.796337420429E+02  0.000000000000E+00 -1.925056241207E-01  0.000000000000E+00 -2.168204585774E-01  0.000000000000E+00  2.582005874695E+02  0.000000000000E+00 -3.299175684432E-01  9.976868444181E-01  0.000000000000E+00 -6.797764687723E-02  0.000000000000E+00
  1.350000000000E+00  1.794806767889E+02  0.000000000000E+00 -2.598322471306E-01  0.000000000000E+00 -2.136951343887E-01  0.000000000000E+00  2.599796102077E+02  0.000000000000E+00 -8.669121742964E-02  9.976130985256E-01  0.000000000000E+00 -6.905147102101E-02  0.000000000000E+00
  1.360000000000E+00  1.794919855609E+02  0.000000000000E+00 -3.236755307406E-01  0.000000000000E+00 -2.131616057913E-01  0.000000000000E+00  2.617573349325E+02  0.000000000000E+00  1.595762187696E-01  9.975389363097E-01  0.000000000000E+00 -7.011469565052E-02  0.000000000000E+00
