  time[s]             u[ft/s]             v[ft/s]"             w[ft/s]             p[rad/s]            q[rad/s]      "      r[rad/s]            xf[ft]              yf[ft]              "zf[ft]              e0                  ex                  ey     "             ez                  
  0.000000000000E+00  2.100000000000E+02  0.000000000000E+00  0.000000000000E+00  0.000000000000E+00  0.000000000000E+00  0.000000000000E+00  0.000000000000E+00  0.000000000000E+00 -5.000000000000E+00  9.990482215819E-01  0.000000000000E+00  4.361938736534E-02  0.000000000000E+00
  5.000000000000E-03  2.098517035115E+02  8.178044923801E-03  1.598932970189E-01  1.977315792368E+01 -1.340309515640E-04  6.790709223374E-06  1.045723111289E+00  3.667990216489E-07 -5.091086780027E+00  9.987222331528E-01  2.551979260086E-02  4.360504230539E-02 -1.114216072379E-03
  1.000000000000E-02  2.097035621848E+02  6.093769376901E-02  3.138704800721E-01  3.594805168057E+01 -5.252178790758E-04  1.010184320514E-04  2.090740687187E+00  7.350103877876E-07 -5.181308255643E+00  9.944599039855E-01  9.563956471876E-02  4.341816601010E-02 -4.175629997365E-03
  1.500000000000E-02  2.095555414582E+02  1.888813342235E-01  4.397510299675E-01  4.917885785094E+01 -1.103154106775E-03  4.690273140312E-04  3.135067587827E+00  1.266848668592E-06 -5.270666921887E+00  9.785659432067E-01  2.012617849687E-01  4.272216000040E-02 -8.786680384443E-03
  2.000000000000E-02  2.094076083805E+02  3.999570499913E-01  4.950447299015E-01  6.000047773886E+01 -1.658848793383E-03  1.323493713349E-03  4.178711702982E+00  2.103370231701E-06 -5.359164635118E+00  9.419342490780E-01  3.329532086087E-01  4.111901808085E-02 -1.453470478218E-02
  2.500000000000E-02  2.092597317841E+02  6.682652212739E-01  4.267988895135E-01  6.885034768203E+01 -1.801641243436E-03  2.765797930958E-03  5.221676939642E+00  3.337508742719E-06 -5.446802933294E+00  8.761701057884E-01  4.800255211577E-01  3.824222601629E-02 -2.095177580178E-02
  3.000000000000E-02  2.091118824571E+02  9.279197943217E-01  1.933277185195E-01  7.608624944370E+01 -1.021086795398E-03  4.618663806725E-03  6.263965166606E+00  5.005132838368E-06 -5.533583216465E+00  7.751479470177E-01  6.302738183260E-01  3.382506923249E-02 -2.750343357526E-02
  3.500000000000E-02  2.089640333039E+02  1.081033505877E+00 -2.082671324756E-01  8.200085646128E+01  1.113433858827E-03  6.307532578071E-03  7.305577300300E+00  7.079124784635E-06 -5.619506830692E+00  6.361340923431E-01  7.703467081663E-01  2.774990554778E-02 -3.360518588243E-02
  4.000000000000E-02  2.088161594849E+02  1.024058020111E+00 -7.200711165413E-01  8.683361596584E+01  4.653880240699E-03  6.896574933498E-03  8.346513840045E+00  9.466687198450E-06 -5.704575098599E+00  4.604702590852E-01  8.866055342152E-01  2.007811291224E-02 -3.866052998832E-02
  4.500000000000E-02  2.086682385563E+02  6.880281719284E-01 -1.219837948759E+00  9.078045635684E+01  8.997846622529E-03  5.351456453496E-03  9.386775095732E+00  1.201143579449E-05 -5.788789324539E+00  2.537820793180E-01  9.662809781318E-01  1.105905668979E-02 -4.211205032708E-02
  5.000000000000E-02  2.085202506039E+02  7.925820804338E-02 -1.544498532808E+00  9.400171904992E+01  1.280669938442E-02  1.003104461659E-03  1.042636126256E+01  1.450003129731E-05 -5.872150789740E+00  2.570083711816E-02  9.987223185324E-01  1.117507163038E-03 -4.349653566005E-02
  5.500000000000E-02  2.083721782886E+02 -6.976542146852E-01 -1.539011981759E+00  9.662864050441E+01  1.425672191541E-02 -5.938984024114E-03  1.146527242986E+01  1.667185477399E-05 -5.954660745055E+00 -2.108668980776E-01  9.765475010980E-01 -9.178975360305E-03 -4.249559748572E-02
  6.000000000000E-02  2.082240069159E+02 -1.449676579792E+00 -1.116772244422E+00  9.876865021027E+01  1.164080656588E-02 -1.406477037384E-02  1.250350856826E+01  1.823011387008E-05 -6.036320404624E+00 -4.408391584510E-01  8.965346388639E-01 -1.916901242873E-02 -3.897469250600E-02
  6.500000000000E-02  2.080757246102E+02 -1.942450036444E+00 -3.093045782100E-01  1.005097015610E+02  4.165408131779E-03 -2.086591261778E-02  1.354106951619E+01  1.885294809369E-05 -6.117130941452E+00 -6.483079837627E-01  7.601411444966E-01 -2.815736551522E-02 -3.300547530609E-02
  7.000000000000E-02  2.079273222275E+02 -1.974188806173E+00  7.172725173638E-01  1.019238126612E+02 -7.360130141756E-03 -2.336629704868E-02  1.457795497280E+01  1.820331950355E-05 -6.197093485043E+00 -8.179968562268E-01  5.735886091630E-01 -3.547952655463E-02 -2.486873211599E-02
  7.500000000000E-02  2.077787932800E+02 -1.452911897462E+00  1.692202701842E+00  1.030699615974E+02 -2.028694330944E-02 -1.916936344130E-02  1.561416449802E+01  1.593732403942E-05 -6.276209120916E+00 -9.366801569361E-01  3.475035096453E-01 -4.056437207566E-02 -1.503748996698E-02
  8.000000000000E-02  2.076301342731E+02 -4.482659933592E-01  2.313431981000E+00  1.039964542309E+02 -3.058017640756E-02 -7.592083338492E-03  1.664969752036E+01  1.171089582980E-05 -6.354478891319E+00 -9.944294025103E-01  9.615076974865E-02 -4.298879538527E-02 -4.142024997529E-03
  8.500000000000E-02  2.074813444315E+02  8.053031928861E-01  2.344116254931E+00  1.047428608841E+02 -3.396086075934E-02  9.566230828669E-03  1.768455335047E+01  5.184610105245E-06 -6.431903796768E+00 -9.855739102840E-01 -1.636644605675E-01 -4.251927448229E-02  7.079760737418E-03
  9.000000000000E-02  2.073324254130E+02  1.962100998664E+00  1.700694285530E+00  1.053416005883E+02 -2.744433911074E-02  2.802469344735E-02  1.871873119605E+01 -3.972699695822E-06 -6.508484798368E+00 -9.092948057461E-01 -4.139238303050E-01 -3.913676940511E-02  1.784186731471E-02
  9.500000000000E-02  2.071833819629E+02  2.663701414604E+00  5.002710999093E-01  1.058192372770E+02 -1.075856820366E-02  4.196955507965E-02  1.975223018043E+01 -1.608094625220E-05 -6.584222820249E+00 -7.698071574629E-01 -6.368325956639E-01 -3.304299867485E-02  2.737417866251E-02
  1.000000000000E-01  2.070342213304E+02  2.653319569215E+00 -9.537738159927E-01  1.061975404388E+02  1.293023388025E-02  4.578872451471E-02  2.078504936315E+01 -3.144728210514E-05 -6.659118751956E+00 -5.761220368985E-01 -8.162425582082E-01 -2.464785578304E-02  3.498525367829E-02
  1.050000000000E-01  2.068849527771E+02  1.868598233093E+00 -2.249332815682E+00  1.064943530668E+02  3.739631807025E-02  3.609523548153E-02  2.181718775695E+01 -5.036550739689E-05 -6.733173451148E+00 -3.414154601524E-01 -9.389433369738E-01 -1.453935117695E-02  4.011858408265E-02
  1.100000000000E-01  2.067355887078E+02  4.796341975739E-01 -2.985970950305E+00  1.067243021280E+02  5.490380351782E-02  1.334702764639E-02  2.284864434736E+01 -7.311568443174E-05 -6.806387745915E+00 -8.206202711123E-02 -9.957190530156E-01 -3.438885943223E-03  4.239770314009E-02
  1.150000000000E-01  2.065861435668E+02 -1.144867135866E+00 -2.901774712686E+00  1.068993801813E+02  5.857002726482E-02 -1.759289667126E-02  2.387941811314E+01 -9.996477618317E-05 -6.878762436782E+00  1.835842470468E-01 -9.820895396785E-01  7.854215321251E-03  4.165659121942E-02
  1.200000000000E-01  2.064366332736E+02 -2.537536984703E+00 -1.965579248778E+00  1.070294214462E+02  4.483522042741E-02 -4.832798457433E-02  2.490950803981E+01 -1.311668602398E-04 -6.950298298996E+00  4.365622136460E-01 -8.986822837131E-01  1.852422854640E-02  3.795312257764E-02
  1.250000000000E-01  2.062870769181E+02 -3.270415749418E+00 -4.024011436568E-01  1.071224917197E+02  1.519112942760E-02 -6.914654756442E-02  2.593891313749E+01 -1.669625078541E-04 -7.020996084233E+00  6.587203044553E-01 -7.512112230881E-01  2.780156695092E-02  3.156472207767E-02
  1.300000000000E-01  2.061374948965E+02 -3.089167093728E+00  1.360077206180E+00  1.071852077065E+02 -2.353352362911E-02 -7.201712066019E-02  2.696763245889E+01 -2.075796262245E-04 -7.090856521979E+00  8.340683960399E-01 -5.500690334845E-01  3.502133137231E-02  2.296683430073E-02
  1.350000000000E-01  2.059879085323E+02 -2.000584624950E+00  2.811223337411E+00  1.072229984095E+02 -6.062447979632E-02 -5.344793279573E-02  2.799566510787E+01 -2.532344696319E-04 -7.159880321281E+00  9.499629690033E-01 -3.095684814309E-01  3.967330877942E-02  1.279614776230E-02
  1.400000000000E-01  2.058383422898E+02 -2.835541700274E-01  3.508854260087E+00  1.072403194056E+02 -8.440738471807E-02 -1.623334119277E-02  2.902301025548E+01 -3.041322055208E-04 -7.228068171796E+00  9.980383143915E-01 -4.689386460466E-02  4.143962417051E-02  1.801670799910E-03
  1.450000000000E-01  2.056888209666E+02  1.583286836713E+00  3.216343737533E+00  1.072408283724E+02 -8.585611650395E-02  3.062724472279E-02  3.004966715463E+01 -3.604685131975E-04 -7.295420744653E+00  9.748170538289E-01  2.191561398166E-01  4.021728872349E-02 -9.212363041751E-03
  1.500000000000E-01  2.055393698310E+02  3.057963735493E+00  1.982286781489E+00  1.072275287228E+02 -6.177779462649E-02  7.402279511411E-02  3.107563514358E+01 -4.224295885361E-04 -7.361938693810E+00  8.819580462451E-01  4.695389848602E-01  3.612411377647E-02 -1.944723023637E-02
  1.550000000000E-01  2.053900171491E+02  3.695761899743E+00  1.361287328584E-01  1.072028875303E+02 -1.649317640974E-02  1.003775633658E-01  3.210091366068E+01 -4.901911813383E-04 -7.427622656598E+00  7.261270039327E-01  6.863501526706E-01  2.948777567049E-02 -2.816936589355E-02
  1.600000000000E-01  2.052407903923E+02  3.285449261519E+00 -1.801495598341E+00  1.071689321031E+02  3.868480536214E-02  9.983868060619E-02  3.312550225510E+01 -5.639198976231E-04 -7.492473254213E+00  5.185028676017E-01  8.541152027169E-01  2.081911374450E-02 -3.476436796020E-02
  1.650000000000E-01  2.050917172045E+02  1.918853942387E+00 -3.268657315244E+00  1.071273289478E+02  8.822666655601E-02  6.972036145018E-02  3.414940058572E+01 -6.437740692289E-04 -7.556491092741E+00  2.739592442760E-01  9.608986977252E-01  1.077193368499E-02 -3.878131805873E-02
  1.700000000000E-01  2.049428279131E+02 -2.894967749428E-02 -3.828141369932E+00  1.070794487826E+02  1.167506895344E-01  1.604422851090E-02  3.517260843494E+01 -7.299043042504E-04 -7.619676763239E+00  9.983182037735E-03  9.991512352189E-01  9.258459049970E-05 -3.996419228519E-02
  1.750000000000E-01  2.047941508950E+02 -2.004710767761E+00 -3.299658474997E+00  1.070264196977E+02  1.137464387814E-01 -4.747888148880E-02  3.619512571481E+01 -8.224551431629E-04 -7.682030842012E+00 -2.545883067406E-01  9.662356938736E-01 -1.043670065768E-02 -3.826817522444E-02
  1.800000000000E-01  2.046457145744E+02 -3.437176172030E+00 -1.817804699573E+00  1.069691705651E+02  7.721323908685E-02 -1.029278063435E-01  3.721695246219E+01 -9.215641275106E-04 -7.743553891469E+00 -5.009214423787E-01  8.645975718714E-01 -2.005630975124E-02 -3.385988361580E-02
  1.850000000000E-01  2.044975495448E+02 -3.905093760630E+00  2.027531247584E-01  1.069084669636E+02  1.499752596051E-02 -1.332339818427E-01  3.823808885154E+01 -1.027360636768E-03 -7.804246459931E+00 -7.115307158105E-01  7.015702105795E-01 -2.808514191011E-02 -2.710175067333E-02
  1.900000000000E-01  2.043496834013E+02 -3.262862233537E+00  2.185595136914E+00  1.068449404269E+02 -5.676169272345E-02 -1.273913490497E-01  3.925853519611E+01 -1.139967500862E-03 -7.864109081791E+00 -8.715195742790E-01  4.888318990915E-01 -3.396970612122E-02 -1.852201784554E-02
  1.950000000000E-01  2.042021438042E+02 -1.685927161224E+00  3.559894981223E+00  1.067791122951E+02 -1.178191720462E-01 -8.422788657492E-02  4.027829194033E+01 -1.259501503608E-03 -7.923142278129E+00 -9.696290537115E-01  2.415564957219E-01 -3.732284408589E-02 -8.772849157067E-03
  2.000000000000E-01  2.040549598796E+02  3.781771896183E-01  3.927383319080E+00  1.067114136289E+02 -1.495542486416E-01 -1.348891232588E-02  4.129735967134E+01 -1.386074049112E-03 -7.981346556217E+00 -9.990212579353E-01 -2.267943327771E-02 -3.794934696379E-02  1.420057973039E-03
  2.050000000000E-01  2.039081569363E+02  2.339102304626E+00  3.179398263474E+00  1.066422012633E+02 -1.406140327833E-01  6.627753944654E-02  4.231573911509E+01 -1.519792589054E-03 -8.038722409667E+00 -9.577441737364E-01 -2.851533244289E-01 -3.585677801108E-02  1.131241405992E-02
  2.100000000000E-01  2.037617604459E+02  3.635258373815E+00  1.529244675341E+00  1.065717709024E+02 -9.076210572865E-02  1.326037821094E-01  4.333343112709E+01 -1.660758931401E-03 -8.095270319013E+00 -8.488474407876E-01 -5.273267448830E-01 -3.125097188297E-02  2.019661248307E-02
  2.150000000000E-01  2.036157965098E+02  3.897070833768E+00 -5.497551805123E-01  1.065003682050E+02 -1.166879109051E-02  1.654609904432E-01  4.435043670210E+01 -1.809068401632E-03 -8.150990751143E+00 -6.801436909419E-01 -7.321542234324E-01 -2.451685305586E-02  2.745317282755E-02
  2.200000000000E-01  2.034702868988E+02  3.053843838771E+00 -2.462152545388E+00  1.064281975479E+02  7.577243677126E-02  1.532810528147E-01  4.536675696559E+01 -1.964811593186E-03 -8.205884159456E+00 -4.636351489433E-01 -8.852785135064E-01 -1.618631015135E-02  3.259456322538E-02
  2.250000000000E-01  2.033252536560E+02  1.352999899472E+00 -3.663423331041E+00  1.063554292127E+02  1.470010025523E-01  9.683299712813E-02  4.638239316380E+01 -2.128074552476E-03 -8.259950984210E+00 -2.146485868142E-01 -9.760289258026E-01 -6.895809881924E-03  3.529827164813E-02
  2.300000000000E-01  2.031807185706E+02 -7.135010737458E-01 -3.817218796273E+00  1.062822055891E+02  1.807278696809E-01  9.693272149384E-03  4.739734667107E+01 -2.298939635363E-03 -8.313191651770E+00  4.925817516577E-02 -9.981540352865E-01  2.662842994085E-03  3.542687239566E-02
  2.350000000000E-01  2.030366989220E+02 -2.553360930762E+00 -2.890857509114E+00  1.062086459095E+02  1.652816019500E-01 -8.500202450168E-02  4.841161897741E+01 -2.477486466422E-03 -8.365606574898E+00  3.095395890545E-01 -9.502393858057E-01  1.179475298991E-02  3.303386555399E-02
  2.400000000000E-01  2.028932123269E+02 -3.645961187244E+00 -1.161666057115E+00  1.061348502000E+02  1.024702580464E-01 -1.607512959976E-01  4.942521167873E+01 -2.663789941432E-03 -8.417196153175E+00  5.479671338348E-01 -8.357833778655E-01  1.985319958273E-02  2.835517566359E-02
  2.450000000000E-01  2.027502753136E+02 -3.691657586198E+00  8.667517908385E-01  1.060609027723E+02  7.716308965149E-03 -1.951531955441E-01  5.043812648128E+01 -2.857919978365E-03 -8.467960772368E+00  7.479036560066E-01 -6.629287118478E-01  2.628609286383E-02  2.178728211280E-02
  2.500000000000E-01  2.026079000353E+02 -2.695066427939E+00  2.612797636508E+00  1.059868747372E+02 -9.373823654719E-02 -1.765239394307E-01  5.145036518648E+01 -3.059943112395E-03 -8.517900804747E+00  8.954584399221E-01 -4.438708611299E-01  3.067424632342E-02  1.385393895221E-02
  2.550000000000E-01  2.024660989721E+02 -9.589704070457E-01  3.585610077706E+00  1.059128261922E+02 -1.736198931623E-01 -1.077099151495E-01  5.246192968188E+01 -3.269922482693E-03 -8.567016609261E+00  9.804433100576E-01 -1.939873899119E-01  3.275879594762E-02  5.164262431260E-03
  2.600000000000E-01  2.023248828193E+02  1.008024479188E+00  3.524797080000E+00  1.058388081967E+02 -2.085597986206E-01 -5.882726596233E-03  5.347282194251E+01 -3.487918774108E-03 -8.615308530839E+00  9.970646782873E-01  6.924902642906E-02  3.245597688614E-02 -3.634448345320E-03
  2.650000000000E-01  2.021842582906E+02  2.641772457219E+00  2.470989680238E+00  1.057648640718E+02 -1.869318255675E-01  1.017749426615E-01  5.448304401428E+01 -3.713990606139E-03 -8.662776900945E+00  9.443054262997E-01  3.274965543740E-01  2.985847027242E-02 -1.190548139209E-02
  2.700000000000E-01  2.020442323368E+02  3.486058132488E+00  7.479486112939E-01  1.056910306321E+02 -1.125886392353E-01  1.853996360743E-01  5.549259800582E+01 -3.948192701008E-03 -8.709422037942E+00  8.259724893361E-01  5.628228650484E-01  2.522357347221E-02 -1.906936757884E-02
  2.750000000000E-01  2.019048096336E+02  3.321477860744E+00 -1.136858340784E+00  1.056173393057E+02 -4.322217564008E-03  2.207945633318E-01  5.650148608698E+01 -4.190576176772E-03 -8.755244246639E+00  6.504094205340E-01  7.589473829024E-01  1.894943589657E-02 -2.464496998146E-02
  2.800000000000E-01  2.017659914494E+02  2.222995714008E+00 -2.642630548635E+00  1.055438167822E+02  1.089325781208E-01  1.964412335831E-01  5.750971047194E+01 -4.441189749832E-03 -8.800243818841E+00  4.298964279664E-01  9.023613356824E-01  1.154147162645E-02 -2.828207064334E-02
  2.850000000000E-01  2.016277791423E+02  5.310120985996E-01 -3.351754378538E+00  1.054704857297E+02  1.959131264384E-01  1.171388662688E-01  5.851727341215E+01 -4.700079649230E-03 -8.844421033437E+00  1.797817876891E-01  9.832490578923E-01  3.571751432520E-03 -2.978324295574E-02
  2.900000000000E-01  2.014901715458E+02 -1.253659428552E+00 -3.086850522816E+00  1.053973654278E+02  2.317278223488E-01  3.144403608156E-03  5.952417719232E+01 -4.967290467236E-03 -8.887776156015E+00 -8.259331152954E-02  9.961484240988E-01 -4.365367837055E-03 -2.911366723124E-02
  2.950000000000E-01  2.013531647626E+02 -2.618556490124E+00 -1.955287670964E+00  1.053244720786E+02  2.049975380921E-01 -1.150617878323E-01  6.053042411436E+01 -5.242865055168E-03 -8.930309439716E+00 -3.391007518305E-01  9.403068423587E-01 -1.169792718537E-02 -2.639850035303E-02
  3.000000000000E-01  2.012167548145E+02 -3.187736452131E+00 -3.100439392170E-01  1.052518192460E+02  1.213848872043E-01 -2.050142890144E-01  6.153601649141E+01 -5.526843170826E-03 -8.972021125600E+00 -5.720782328002E-01  8.197105981580E-01 -1.791798542354E-02 -2.190836876775E-02
  3.050000000000E-01  2.010809351942E+02 -2.826281860341E+00  1.359529535578E+00  1.051794182107E+02  2.435072859579E-03 -2.412527834465E-01  6.254095664191E+01 -5.819262082819E-03 -9.012911442563E+00 -7.655422563766E-01  6.427880024719E-01 -2.261712640059E-02 -1.603443710827E-02
  3.100000000000E-01  2.009456973676E+02 -1.671911353757E+00  2.573384021947E+00  1.051072781174E+02 -1.200460652906E-01 -2.125533752816E-01  6.354524687529E+01 -6.120157293242E-03 -9.052980608076E+00 -9.062783304249E-01  4.218091943663E-01 -2.551336173087E-02 -9.255253828075E-03
  3.150000000000E-01  2.008110325674E+02 -8.650171776155E-02  2.999475278352E+00  1.050354062640E+02 -2.125894268927E-01 -1.253400500402E-01  6.454888948701E+01 -6.429562466319E-03 -9.092228828289E+00 -9.847345325433E-01  1.720260471545E-01 -2.646766581932E-02 -2.098138050336E-03
  3.200000000000E-01  2.006769297124E+02  1.456097574205E+00  2.545277816245E+00  1.049638082975E+02 -2.492851022487E-01 -2.253634092443E-03  6.555188675155E+01 -6.747510050805E-03 -9.130656298141E+00 -9.956586981497E-01 -8.938696120945E-02 -2.548922024173E-02  4.901797225403E-03
  3.250000000000E-01  2.005433763709E+02  2.511410806849E+00  1.376780853829E+00  1.048924882924E+02 -2.190672629638E-01  1.238034218563E-01  6.655424091043E+01 -7.074030872829E-03 -9.168263202416E+00 -9.384375578808E-01 -3.445169793492E-01 -2.272933507211E-02  1.124180705880E-02
  3.300000000000E-01  2.004103597767E+02  2.792730811839E+00 -1.384620761331E-01  1.048214489558E+02 -1.290051268462E-01  2.185578345465E-01  6.755595416816E+01 -7.409153356686E-03 -9.205049716181E+00 -8.171168718189E-01 -5.759402894694E-01 -1.846488072012E-02  1.648784202667E-02
  3.350000000000E-01  2.002778652412E+02  2.249422350419E+00 -1.545344180478E+00  1.047506917348E+02 -2.631810388421E-03  2.557626759612E-01  6.855702868499E+01 -7.752904177894E-03 -9.241016005127E+00 -6.401035479252E-01 -7.679090309711E-01 -1.307283645514E-02  2.030440921736E-02
  3.400000000000E-01  2.001458773335E+02  1.073713159282E+00 -2.437220240623E+00  1.046802168745E+02  1.262871020899E-01  2.245030407370E-01  6.955746656765E+01 -8.105308557444E-03 -9.276162226393E+00 -4.195723831653E-01 -9.074165933317E-01 -6.998190221720E-03  2.247591521757E-02
  3.450000000000E-01  2.000143802629E+02 -3.638825835083E-01 -2.573418247898E+00  1.046100235726E+02  2.228720058018E-01  1.323678536666E-01  7.055726986617E+01 -8.466390242061E-03 -9.310488528805E+00 -1.706199594736E-01 -9.850700849125E-01 -7.178629795238E-04  2.291815682964E-02
  3.500000000000E-01  1.998833568279E+02 -1.629433463080E+00 -1.944323246423E+00  1.045401100413E+02  2.606456688795E-01  3.573526822277E-03  7.155644056719E+01 -8.836171848470E-03 -9.343995053480E+00  8.977496697005E-02 -9.957120093263E-01  5.296453072354E-03  2.167942281870E-02
  3.550000000000E-01  1.997527896032E+02 -2.355509617486E+00 -7.664685203576E-01  1.044704735672E+02  2.288300926400E-01 -1.274853964163E-01  7.255498058747E+01 -9.214674359106E-03 -9.376681934967E+00  3.439126296182E-01 -9.387507933964E-01  1.061366542259E-02  1.893148681627E-02
  3.600000000000E-01  1.996226608634E+02 -2.347481656756E+00  5.888615787563E-01  1.044011106320E+02  1.354035819793E-01 -2.255174537319E-01  7.355289177165E+01 -9.601916833353E-03 -9.408549301780E+00  5.745753988962E-01 -8.181798825148E-01  1.487421607420E-02  1.495153930343E-02
  3.650000000000E-01  1.994929520457E+02 -1.635563294871E+00  1.710548957137E+00  1.043320169545E+02  5.055936187915E-03 -2.639167459963E-01  7.455017588671E+01 -9.997916913755E-03 -9.439597277078E+00  7.661911837421E-01 -6.422863641775E-01  1.781436585107E-02  1.009676764124E-02
  3.700000000000E-01  1.993636447837E+02 -4.587867544526E-01  2.270927765758E+00  1.042631875599E+02 -1.274205863652E-01 -2.320242880705E-01  7.554683461828E+01 -1.040269082213E-02 -9.469825979474E+00  9.058787406542E-01 -4.230710515936E-01  1.928220258550E-02  4.773803273112E-03
  3.750000000000E-01  1.992347205518E+02  8.124589089087E-01  2.120773261187E+00  1.041946168757E+02 -2.265121328693E-01 -1.380769410374E-01  7.654286956928E+01 -1.081625339349E-02 -9.499235523472E+00  9.843051787773E-01 -1.754212449563E-01  1.924444104717E-02 -5.944231966971E-04
  3.800000000000E-01  1.991061605671E+02  1.790742161451E+00  1.328650370259E+00  1.041262987688E+02 -2.655814370326E-01 -7.031480914010E-03  7.753828225609E+01 -1.123861816839E-02 -9.527826020447E+00  9.962991970065E-01  8.390629156935E-02  1.778382682309E-02 -5.601766051546E-03
  3.850000000000E-01  1.989779465671E+02  2.187921528859E+00  1.544185656380E-01  1.040582266227E+02 -2.340695099538E-01  1.261470727355E-01  7.853307410738E+01 -1.166979694557E-02 -9.555597579718E+00  9.411805075915E-01  3.374223092970E-01  1.508769242186E-02 -9.889330410609E-03
  3.900000000000E-01  1.988500603360E+02  1.898937483365E+00 -1.033592923568E+00  1.039903934149E+02 -1.403443736759E-01  2.259054369591E-01  7.952724646370E+01 -1.210979981401E-02 -9.582550309160E+00  8.227853130515E-01  5.680847055141E-01  1.142888146378E-02 -1.317105371950E-02
  3.950000000000E-01  1.987224839406E+02  1.028964377080E+00 -1.871794406061E+00  1.039227917553E+02 -9.430888557425E-03  2.656685347651E-01  8.052080057567E+01 -1.255863541641E-02 -9.608684316057E+00  6.491882795595E-01  7.604412829773E-01  7.140807988914E-03 -1.525259609882E-02
  4.000000000000E-01  1.985952002031E+02 -1.428569665768E-01 -2.110593846182E+00  1.038554139690E+02  1.237487272707E-01  2.349596239141E-01  8.151373760496E+01 -1.301631079594E-02 -9.633999707805E+00  4.321417987835E-01  9.016592526149E-01  2.588814812455E-03 -1.604231766422E-02
  4.050000000000E-01  1.984681922401E+02 -1.250960371397E+00 -1.687297935387E+00  1.037882521559E+02  2.237767283914E-01  1.421573815716E-01  8.250605862491E+01 -1.348283147088E-02 -9.658496592547E+00  1.862720916727E-01  9.823733144488E-01 -1.859791498597E-03 -1.555378084028E-02
  4.100000000000E-01  1.983414439161E+02 -1.955096179476E+00 -7.416981234303E-01  1.037212982360E+02  2.642303979734E-01  1.216697158861E-02  8.349776462085E+01 -1.395820133931E-02 -9.682175080320E+00 -7.191235508481E-02  9.972968525372E-01 -5.864631421904E-03 -1.389989942157E-02
  4.150000000000E-01  1.982149400039E+02 -2.042573732291E+00  4.292275281705E-01  1.036545440300E+02  2.347007089974E-01 -1.203355153167E-01  8.448885649276E+01 -1.444242236965E-02 -9.705035283936E+00 -3.251324504537E-01  9.455570645244E-01 -9.137838406124E-03 -1.127950793170E-02
  4.200000000000E-01  1.980886658354E+02 -1.490748157964E+00  1.462974436621E+00  1.035879813049E+02  1.434663041515E-01 -2.202333510955E-01  8.547933505701E+01 -1.493549477961E-02 -9.727077319610E+00 -5.564952324546E-01  8.307335901731E-01 -1.146444643915E-02 -7.957693215225E-03
  4.250000000000E-01  1.979626078557E+02 -4.717900713655E-01  2.041546348657E+00  1.035216018256E+02  1.513910353941E-02 -2.613430286673E-01  8.646920104862E+01 -1.543741704717E-02 -9.748301307780E+00 -7.506182611152E-01  6.606001313170E-01 -1.271616186188E-02 -4.241675587625E-03
  4.300000000000E-01  1.978367534989E+02  7.008619684466E-01  1.986900250466E+00  1.034553974273E+02 -1.160394365766E-01 -2.333133657040E-01  8.745845512536E+01 -1.594818573686E-02 -9.768707373649E+00 -8.946470466320E-01  4.465883292178E-01 -1.285767298522E-02 -4.543176429658E-04
  4.350000000000E-01  1.977110910135E+02  1.667726485418E+00  1.313645567535E+00  1.033893600499E+02 -2.154080737635E-01 -1.442244389177E-01  8.844709787036E+01 -1.646779560196E-02 -9.788295647960E+00 -9.790986104370E-01  2.030114718974E-01 -1.194527032392E-02  3.092545125745E-03
  4.400000000000E-01  1.975856100140E+02  2.131473114569E+00  2.238498199186E-01  1.033234817931E+02 -2.571057807704E-01 -1.823822731380E-02  8.943512979625E+01 -1.699623936768E-02 -9.807066268093E+00 -9.984763681990E-01 -5.389875602781E-02 -1.011816895882E-02  6.122818276401E-03
  4.450000000000E-01  1.974603011198E+02  1.945922199314E+00 -9.539412115676E-01  1.032577549772E+02 -2.308349097803E-01  1.110098405795E-01  9.042255135012E+01 -1.753350757920E-02 -9.825019378643E+00 -9.516171362849E-01 -3.070773041090E-01 -7.583491651681E-03  8.416999725950E-03
  4.500000000000E-01  1.973351559877E+02  1.159710389951E+00 -1.862971478647E+00  1.031921721655E+02 -1.443923119501E-01  2.094559217482E-01  9.140936291701E+01 -1.807958879846E-02 -9.842155131989E+00 -8.417491255520E-01 -5.397598548298E-01 -4.596343967681E-03  9.827632914245E-03
  4.550000000000E-01  1.972101677791E+02  2.074525073951E-03 -2.224579382192E+00  1.031267262232E+02 -2.135224836496E-02  2.516405701047E-01  9.239556482553E+01 -1.863446940348E-02 -9.858473688909E+00 -6.762590780648E-01 -7.365906229166E-01 -1.436758378873E-03  1.028830848926E-02
  4.600000000000E-01  1.970853306156E+02 -1.184709579611E+00 -1.921215189329E+00  1.030614103600E+02  1.054081828662E-01  2.273212612920E-01  9.338115735330E+01 -1.919813348783E-02 -9.873975218919E+00 -4.661859355964E-01 -8.846308374630E-01  1.614522264247E-03  9.815710848493E-03
  4.650000000000E-01  1.969606398319E+02 -2.046138862871E+00 -1.031931330134E+00  1.029962181445E+02  2.025503627983E-01  1.439418963280E-01  9.436614073113E+01 -1.977056298613E-02 -9.888659901110E+00 -2.254763351818E-01 -9.742020354953E-01  4.299422039416E-03  8.504779827495E-03
  4.700000000000E-01  1.968360922962E+02 -2.319913624896E+00  1.898393549130E-01  1.029311435617E+02  2.450904613470E-01  2.437165126478E-02  9.535051514975E+01 -2.035173738171E-02 -9.902527925008E+00  2.994736008969E-02 -9.995097175206E-01  6.403199781736E-03  6.517609853124E-03
  4.750000000000E-01  1.967116857366E+02 -1.913519056957E+00  1.389542778395E+00  1.028661810366E+02  2.228483485223E-01 -9.940230708140E-02  9.633428076527E+01 -2.094163369639E-02 -9.915579490805E+00  2.832438558526E-01 -9.590078156831E-01  7.770811910666E-03  4.067193472680E-03
  4.800000000000E-01  1.965874192111E+02 -9.324798517918E-01  2.214369337305E+00  1.028013254408E+02  1.428605810310E-01 -1.948788386701E-01  9.731743770387E+01 -2.154022663738E-02 -9.927814809779E+00  5.177642063383E-01 -8.554817872546E-01  8.317770646381E-03  1.397498476079E-03
  4.850000000000E-01  1.964632932445E+02  3.487904239210E-01  2.415868172680E+00  1.027365721469E+02  2.719516815088E-02 -2.376175291578E-01  9.829998606924E+01 -2.214748823901E-02 -9.939234104602E+00  7.181442292639E-01 -6.958468040716E-01  8.034777990249E-03 -1.238378366200E-03
  4.900000000000E-01  1.963393090685E+02  1.565033596968E+00  1.922697234111E+00  1.026719170308E+02 -9.316035585533E-02 -2.175128506274E-01  9.928192594769E+01 -2.276338788920E-02 -9.949837609452E+00  8.713065353362E-01 -4.906762243955E-01  6.985938964225E-03 -3.600131964588E-03
  4.950000000000E-01  1.962154692986E+02  2.364576493450E+00  8.626376687710E-01  1.026073564723E+02 -1.866376528096E-01 -1.411546850786E-01  1.002632574131E+02 -2.338789249087E-02 -9.959625570833E+00  9.673071504781E-01 -2.534930808351E-01  5.300883903642E-03 -5.480440902536E-03
  5.000000000000E-01  1.960917778727E+02  2.510205875538E+00 -4.723653063749E-01  1.025428874040E+02 -2.293999137739E-01 -2.973531099260E-02  1.012439805345E+02 -2.402096611514E-02 -9.968598248118E+00  9.999724021913E-01  1.274401541759E-04  3.161615806895E-03 -6.721815253558E-03
  5.050000000000E-01  1.959682392335E+02  1.947721471866E+00 -1.708090783301E+00  1.024785072931E+02 -2.114321268138E-01  8.684444524831E-02  1.022240953808E+02 -2.466257010046E-02 -9.976755913407E+00  9.672858859314E-01  2.535845867965E-01  7.853051112648E-04 -7.228797481700E-03
  5.100000000000E-01  1.958448591980E+02  8.227384706667E-01 -2.493533306736E+00  1.024142141355E+02 -1.388523186042E-01  1.780262654165E-01  1.032036020253E+02 -2.531266314433E-02 -9.984098851745E+00  8.715019638019E-01  4.903398171117E-01 -1.595446766213E-03 -6.974624999892E-03
  5.150000000000E-01  1.957216447076E+02 -5.589313742105E-01 -2.600115548813E+00  1.023500064990E+02 -3.192356560554E-02  2.206280205010E-01  1.041825005538E+02 -2.597120082889E-02 -9.990627361113E+00  7.189802650033E-01  6.949944380614E-01 -3.753182851850E-03 -6.001934521537E-03
  5.200000000000E-01  1.955986029617E+02 -1.816049355594E+00 -1.986683556467E+00  1.022858834857E+02  8.060425991151E-02  2.047431896311E-01  1.051607910677E+02 -2.663813578312E-02 -9.996341752289E+00  5.197538672582E-01  8.542870209164E-01 -5.485283609544E-03 -4.417581645357E-03
  5.250000000000E-01  1.954757424653E+02 -2.597980056727E+00 -8.121313756008E-01  1.022218447189E+02  1.692410761888E-01  1.360053910611E-01  1.061384736886E+02 -2.731341791478E-02 -1.000124234960E+01  2.868610546391E-01  9.579462868202E-01 -6.631166360222E-03 -2.382127484165E-03
  5.300000000000E-01  1.953530726189E+02 -2.682296797496E+00  6.077189677467E-01  1.021578903823E+02  2.114998543790E-01  3.371502832763E-02  1.071155485659E+02 -2.799699401606E-02 -1.000532949116E+01  3.548566115132E-02  9.993450619746E-01 -7.085615060619E-03 -9.496755800115E-05
  5.350000000000E-01  1.952306027996E+02 -2.036836793691E+00  1.886786916446E+00  1.020940211637E+02  1.976006203892E-01 -7.457076855124E-02  1.080920158788E+02 -2.868880792787E-02 -1.000860352838E+01 -2.180369368365E-01  9.759142440711E-01 -6.807205880327E-03  2.223587687758E-03
  5.400000000000E-01  1.951083435639E+02 -8.291653391265E-01  2.674752441302E+00  1.020302382354E+02  1.326905818696E-01 -1.604688282167E-01  1.090678758404E+02 -2.938880062294E-02 -1.001106482598E+01 -4.572828719727E-01  8.892916005262E-01 -5.821213527490E-03  4.351747589542E-03
  5.450000000000E-01  1.949863061316E+02  6.188944533267E-01  2.753072361407E+00  1.019665432893E+02  3.509225709865E-02 -2.022155191649E-01  1.100431287041E+02 -3.009690964528E-02 -1.001271376172E+01 -6.668026329973E-01  7.451975797255E-01 -4.216842117159E-03  6.085560094712E-03
  5.500000000000E-01  1.948645013945E+02  1.918841712430E+00  2.094668370246E+00  1.019029384667E+02 -6.885027877101E-02 -1.901733455823E-01  1.110177747653E+02 -3.081306936291E-02 -1.001355072599E+01 -8.331150303498E-01  5.530480209042E-01 -2.139086443506E-03  7.256520402510E-03
  5.550000000000E-01  1.947429412459E+02  2.720923960204E+00  8.712042223612E-01  1.018394263299E+02 -1.518798025648E-01 -1.290091017025E-01  1.119918143636E+02 -3.153721131868E-02 -1.001357612246E+01 -9.455686023735E-01  3.253305501960E-01  2.240384984418E-04  7.746039072869E-03
  5.600000000000E-01  1.946216380261E+02  2.808527428398E+00 -5.936115334367E-01  1.017760098958E+02 -1.929709708574E-01 -3.606810023739E-02  1.129652478894E+02 -3.226926380694E-02 -1.001279036816E+01 -9.970158425569E-01  7.678646758831E-02  2.657796488469E-03  7.495612296431E-03
  5.650000000000E-01  1.945006034393E+02  2.156003703671E+00 -1.911525896440E+00  1.017126925552E+02 -1.826402557788E-01  6.351909452794E-02  1.139380757835E+02 -3.300915204124E-02 -1.001119389264E+01 -9.842581186602E-01 -1.765478843611E-01  4.939185036075E-03  6.511899134089E-03
  5.700000000000E-01  1.943798499638E+02  9.346691277577E-01 -2.733959593911E+00  1.016494780358E+02 -1.250851065166E-01  1.436210325783E-01  1.149102985385E+02 -3.375679830156E-02 -1.000878713785E+01 -9.082342385122E-01 -4.183776784707E-01  6.856016243399E-03  4.866332598180E-03
  5.750000000000E-01  1.942593903430E+02 -5.340431883263E-01 -2.844671136063E+00  1.015863704346E+02 -3.668727473524E-02  1.839511622202E-01  1.158819167044E+02 -3.451212133273E-02 -1.000557055767E+01 -7.739422978037E-01 -6.331969958583E-01  8.225058239986E-03  2.689335089945E-03
  5.800000000000E-01  1.941392363943E+02 -1.865027986606E+00 -2.216142107797E+00  1.015233741331E+02  5.861904380639E-02  1.751846849732E-01  1.168529308873E+02 -3.527503659211E-02 -1.000154461734E+01 -5.901016352514E-01 -8.072798067182E-01  8.907763679871E-03  1.596398226207E-04
  5.850000000000E-01  1.940194004398E+02 -2.711872205386E+00 -1.015118311540E+00  1.014604937497E+02  1.358097997753E-01  1.210626628380E-01  1.178233417491E+02 -3.604545675070E-02 -9.996709793903E+00 -3.685783138713E-01 -9.295514462132E-01  8.822319492584E-03 -2.510391495214E-03
  5.900000000000E-01  1.938998949229E+02 -2.857617586876E+00  4.433802204811E-01  1.013977341728E+02  1.753227891380E-01  3.702647970646E-02  1.187931500124E+02 -3.682329129753E-02 -9.991066576227E+00 -1.236124873982E-01 -9.922856457041E-01  7.951054608941E-03 -5.092250914121E-03
  5.950000000000E-01  1.937807311175E+02 -2.270022464002E+00  1.780496869441E+00  1.013351004769E+02  1.679878549464E-01 -5.415417474087E-02  1.197623564577E+02 -3.760844663753E-02 -9.984615464067E+00  1.291016383866E-01 -9.915837666848E-01  6.342618288085E-03 -7.360149890275E-03
  6.000000000000E-01  1.936619204983E+02 -1.107358141180E+00  2.653376950493E+00  1.012725978656E+02  1.171012245666E-01 -1.285277274557E-01  1.207309619227E+02 -3.840082635514E-02 -9.977356967702E+00  3.734235396735E-01 -9.276071315636E-01  4.108762084306E-03 -9.109751045177E-03
  6.050000000000E-01  1.935434745563E+02  3.258010290764E-01  2.843778458737E+00  1.012102317039E+02  3.719286924154E-02 -1.672268982020E-01  1.216989673046E+02 -3.920033065966E-02 -9.969291607518E+00  5.937969841443E-01 -8.045493151868E-01  1.415986032257E-03 -1.017526594668E-02
  6.100000000000E-01  1.934254034373E+02  1.660101124746E+00  2.312414895055E+00  1.011480074420E+02 -5.008889327927E-02 -1.612214395245E-01  1.226663735584E+02 -4.000685651974E-02 -9.960419913231E+00  7.762377588392E-01 -6.303519186117E-01 -1.527288369142E-03 -1.044355518990E-02
  6.150000000000E-01  1.933077171688E+02  2.558032862313E+00  1.205593556187E+00  1.010859305496E+02 -1.218158007080E-01 -1.133696451667E-01  1.236331816928E+02 -4.082029828549E-02 -9.950742424154E+00  9.092160112251E-01 -4.161836266075E-01 -4.487006229402E-03 -9.864109229413E-03
  6.200000000000E-01  1.931904257141E+02  2.800061706586E+00 -1.863987621949E-01  1.010240065467E+02 -1.597716866198E-01 -3.732075716881E-02  1.245993927733E+02 -4.164054741656E-02 -9.940259689277E+00  9.843778894798E-01 -1.757172221112E-01 -7.221947643673E-03 -8.454113149586E-03
  6.250000000000E-01  1.930735376029E+02  2.338134358314E+00 -1.507055438445E+00  1.009622409397E+02 -1.550395058000E-01  4.634781454829E-02  1.255650079183E+02 -4.246749245927E-02 -9.928972266323E+00  9.970617996705E-01  7.574823327238E-02 -9.502930418193E-03 -6.298182861378E-03
  6.300000000000E-01  1.929570609347E+02  1.303608350814E+00 -2.426365827050E+00  1.009006391504E+02 -1.100388392559E-01  1.156706735483E-01  1.265300282954E+02 -4.330101941103E-02 -9.916880721257E+00  9.465779612647E-01  3.222634129282E-01 -1.113124761638E-02 -3.542776070633E-03
  6.350000000000E-01  1.928410036748E+02 -3.107387917201E-02 -2.724065956154E+00  1.008392065424E+02 -3.756650072410E-02  1.530258630267E-01  1.274944551216E+02 -4.414101133272E-02 -9.903985627934E+00  8.362351643113E-01  5.482405325872E-01 -1.195490018811E-02 -3.856931478745E-04
  6.400000000000E-01  1.927253723605E+02 -1.325609904499E+00 -2.342267819467E+00  1.007779483738E+02  4.281753460263E-02  1.495701418906E-01  1.284582896606E+02 -4.498734831732E-02 -9.890287567327E+00  6.731147300854E-01  7.394367846521E-01 -1.188135609569E-02  2.938540922945E-03
  6.450000000000E-01  1.926101728218E+02 -2.259961284982E+00 -1.394979177577E+00  1.007168697250E+02  1.100425973281E-01  1.072732908134E-01  1.294215332173E+02 -4.583990812629E-02 -9.875787127521E+00  4.676076280527E-01  8.838475309740E-01 -1.088583550678E-02  6.176306609260E-03
  6.500000000000E-01  1.924954106828E+02 -2.614262299786E+00 -1.336191382117E-01  1.006559755186E+02  1.470129825172E-01  3.810159549121E-02  1.303841871375E+02 -4.669856613031E-02 -9.860484903882E+00  2.327455016429E-01  9.724535618411E-01 -9.014462372580E-03  9.074193943757E-03
  6.550000000000E-01  1.923810902288E+02 -2.320408238936E+00  1.120994650869E+00  1.005952704900E+02  1.449071776888E-01 -3.935048318875E-02  1.313462528042E+02 -4.756319518388E-02 -9.844381498296E+00 -1.663091562114E-02  9.997763531968E-01 -6.382011441152E-03  1.139851587525E-02
  6.600000000000E-01  1.922672148286E+02 -1.473311009893E+00  2.061521090119E+00  1.005347591193E+02  1.052217111415E-01 -1.048352963836E-01  1.323077316325E+02 -4.843366600221E-02 -9.827477518580E+00 -2.648126316353E-01  9.642076862953E-01 -3.164389360953E-03  1.295354991675E-02
  6.650000000000E-01  1.921537875618E+02 -3.006589480121E-01  2.470152303636E+00  1.004744456434E+02  3.910411835859E-02 -1.417071772923E-01  1.332686250673E+02 -4.930984702866E-02 -9.809773578227E+00 -4.962126725399E-01  8.680944250805E-01  4.136142103087E-04  1.359712021838E-02
  6.700000000000E-01  1.920408103251E+02  8.993199882925E-01  2.268883103913E+00  1.004143340431E+02 -3.577091161921E-02 -1.411024396807E-01  1.342289345807E+02 -5.019160429158E-02 -9.791270295763E+00 -6.963433699219E-01  7.175747505980E-01  4.094415371734E-03  1.325232933383E-02
  6.750000000000E-01  1.919282839777E+02  1.834874573098E+00  1.532491536669E+00  1.003544279850E+02 -9.990803889645E-02 -1.040072322303E-01  1.351886616656E+02 -5.107880191733E-02 -9.771968294518E+00 -8.527195240374E-01  5.221777475666E-01  7.606386555536E-03  1.191453546313E-02
  6.800000000000E-01  1.918162090024E+02  2.292392370979E+00  4.627843719652E-01  1.002947308256E+02 -1.370306973989E-01 -4.074876511064E-02  1.361478078333E+02 -5.197130229600E-02 -9.751868202786E+00 -9.556314216118E-01  2.942129495534E-01  1.068388982186E-02  9.653022399814E-03
  6.850000000000E-01  1.917045848893E+02  2.184968676775E+00 -6.674270989910E-01  1.002352456117E+02 -1.381590431490E-01  3.188297787701E-02  1.371063746106E+02 -5.286896594883E-02 -9.730970653354E+00 -9.987402530366E-01  4.798936612535E-02  1.308711631741E-02  6.607199847136E-03
  6.900000000000E-01  1.915934100721E+02  1.566950678677E+00 -1.584940120863E+00  1.001759750367E+02 -1.037176174299E-01  9.508009118672E-02  1.380643635337E+02 -5.377165181714E-02 -9.709276282913E+00 -9.794599238962E-01 -2.010861490033E-01  1.462026709916E-02  2.977574563898E-03
  6.950000000000E-01  1.914826825297E+02  6.127458271615E-01 -2.082874870798E+00  1.001169214386E+02 -4.319584406176E-02  1.328536377886E-01  1.390217761453E+02 -5.467921737101E-02 -9.686785731841E+00 -8.991028476507E-01 -4.374741935985E-01  1.514672801930E-02 -9.878826210117E-04
  7.000000000000E-01  1.913723994459E+02 -4.326954470688E-01 -2.067075909847E+00  1.000580868096E+02  2.748075679476E-02  1.360262194688E-01  1.399786139913E+02 -5.559151848781E-02 -9.663499643773E+00 -7.627821720721E-01 -6.464712558283E-01  1.460010672223E-02 -5.011011919614E-03
  7.050000000000E-01  1.912625570246E+02 -1.317632062174E+00 -1.571916363851E+00  9.999947276876E+01  9.013761645174E-02  1.043960250265E-01  1.409348786161E+02 -5.650840976710E-02 -9.639418665257E+00 -5.790780951905E-01 -8.151210439709E-01  1.299029801987E-02 -8.803153050053E-03
  7.100000000000E-01  1.911531509670E+02 -1.844757099054E+00 -7.435800078391E-01  9.994108055719E+01  1.289961551947E-01  4.657969410655E-02  1.418905715584E+02 -5.742974482912E-02 -9.614543445803E+00 -3.594905201115E-01 -9.330124613866E-01  1.040410142309E-02 -1.208583968692E-02
  7.150000000000E-01  1.910441763605E+02 -1.914898507385E+00  2.028066225606E-01  9.988291105313E+01  1.345961762088E-01 -2.235988219848E-02  1.428456943486E+02 -5.835537628593E-02 -9.588874637667E+00 -1.177133832105E-01 -9.929154411921E-01  7.000304877717E-03 -1.461101594583E-02
  7.200000000000E-01  1.909356274660E+02 -1.543652531543E+00  1.039712791549E+00  9.982496476030E+01  1.060329151653E-01 -8.484297063009E-02  1.438002485047E+02 -5.928515591253E-02 -9.562412895381E+00  1.312232280612E-01 -9.912162714074E-01  2.999545166127E-03 -1.617932146711E-02
  7.250000000000E-01  1.908274980413E+02 -8.488903294952E-01  1.582432506078E+00  9.976724180468E+01  5.099709115182E-02 -1.252333861258E-01  1.447542355282E+02 -6.021893488112E-02 -9.535158875510E+00  3.718892172940E-01 -9.281267407970E-01 -1.330370324241E-03 -1.665512512243E-02
  7.300000000000E-01  1.907197813875E+02 -1.452318736022E-02  1.729510646399E+00  9.970974195129E+01 -1.633039207336E-02 -1.337034256553E-01  1.457076569015E+02 -6.115656377246E-02 -9.507113236413E+00  5.894104989180E-01 -8.076556109458E-01 -5.692671336989E-03 -1.597721396618E-02
  7.350000000000E-01  1.906124701772E+02  7.585920277204E-01  1.479666643479E+00  9.965246460650E+01 -7.894619104886E-02 -1.085596889224E-01  1.466605140846E+02 -6.209789273708E-02 -9.478276637914E+00  7.703857237917E-01 -6.373456819696E-01 -9.782100478530E-03 -1.416434830300E-02
  7.400000000000E-01  1.905055566384E+02  1.301439387909E+00  9.231249423953E-01  9.959540881937E+01 -1.213031435463E-01 -5.649627644662E-02  1.476128085118E+02 -6.304277179203E-02 -9.448649741207E+00  9.037074042740E-01 -4.277941522553E-01 -1.330623159528E-02 -1.131525329597E-02
  7.450000000000E-01  1.903990326768E+02  1.513406415682E+00  2.118362768423E-01  9.953857329892E+01 -1.331269412646E-01  9.230230458911E-03  1.485645415886E+02 -6.399105093221E-02 -9.418233208756E+00  9.812374412447E-01 -1.919871913009E-01 -1.600614171769E-02 -7.603006204233E-03
  7.500000000000E-01  1.902928897816E+02  1.378874067616E+00 -4.820782002397E-01  9.948195642655E+01 -1.118446345568E-01  7.219833757292E-02  1.495157146901E+02 -6.494258024430E-02 -9.387027703995E+00  9.982963858681E-01  5.550915193961E-02 -1.767498830625E-02 -3.264169427073E-03
  7.550000000000E-01  1.901871191099E+02  9.618348221253E-01 -1.008307323069E+00  9.942555626392E+01 -6.306728480065E-02  1.169163314406E-01  1.504663291573E+02 -6.589721013837E-02 -9.355033891076E+00  9.539375185015E-01  2.994510633665E-01 -1.817318489850E-02  1.416613770592E-03
  7.600000000000E-01  1.900817116194E+02  3.822355014235E-01 -1.270473441926E+00  9.936937057063E+01  9.387553881158E-04  1.325953799072E-01  1.514163862956E+02 -6.685479149388E-02 -9.322252434697E+00  8.509902518454E-01  5.248561202677E-01 -1.743909959554E-02  6.125527489349E-03
  7.650000000000E-01  1.899766580525E+02 -2.180915511425E-01 -1.241706932712E+00  9.931339682292E+01  6.436619160356E-02  1.156916836998E-01  1.523658873729E+02 -6.781517578239E-02 -9.288683999865E+00  6.958716262690E-01  7.179216484452E-01 -1.549450622646E-02  1.054071744449E-02
  7.700000000000E-01  1.898719489694E+02 -7.103434406062E-01 -9.618993281806E-01  9.925763222820E+01  1.117698465621E-01  7.063425299226E-02  1.533148336173E+02 -6.877821528874E-02 -9.254329251713E+00  4.981788812311E-01  8.668661351459E-01 -1.244437619624E-02  1.435421658387E-02
  7.750000000000E-01  1.897675748542E+02 -1.005897218192E+00 -5.196837319954E-01  9.920207374383E+01  1.317954630774E-01  8.610472808246E-03  1.542632262160E+02 -6.974376330247E-02 -9.219188855381E+00  2.700893889472E-01  9.626426703126E-01 -8.470984788980E-03  1.729316883093E-02
  7.800000000000E-01  1.896635261514E+02 -1.070158253509E+00 -2.565038318900E-02  9.914671809895E+01  1.198423860764E-01 -5.524769033843E-02  1.552110663140E+02 -7.071167425262E-02 -9.183263475835E+00  2.560582099321E-02  9.994815813304E-01 -3.822692684907E-03  1.913890104180E-02
  7.850000000000E-01  1.895597932881E+02 -9.217039836296E-01  4.153655149489E-01  9.909156181423E+01  7.905035755189E-02 -1.055615767804E-01  1.561583550128E+02 -7.168180388859E-02 -9.146553777641E+00 -2.203064052451E-01  9.752301654576E-01  1.201874323844E-03  1.974253498714E-02
  7.900000000000E-01  1.894563667439E+02 -6.192825859790E-01  7.259959193523E-01  9.903660122237E+01  1.941839010585E-02 -1.303834424812E-01  1.571050933698E+02 -7.265400947483E-02 -9.109060424785E+00 -4.526361221249E-01  8.914700309877E-01  6.273211385047E-03  1.903606097387E-02
  7.950000000000E-01  1.893532371075E+02 -2.419592157027E-01  8.677536209954E-01  9.898183249102E+01 -4.468735889020E-02 -1.239813699393E-01  1.580512823980E+02 -7.362814994837E-02 -9.070784080490E+00 -6.572416367031E-01  7.534062477243E-01  1.105260748295E-02  1.703809677296E-02
  8.000000000000E-01  1.892503951061E+02  1.313918985179E-01  8.412579433643E-01  9.892725164547E+01 -9.800693754944E-02 -8.809595108634E-02  1.589969230650E+02 -7.460408608672E-02 -9.031725407020E+00 -8.217084825017E-01  5.695364367774E-01  1.521466935780E-02  1.385390934027E-02
  8.050000000000E-01  1.891478316501E+02  4.379892460237E-01  6.775155717945E-01  9.887285459080E+01 -1.279993906399E-01 -3.141138190135E-02  1.599420162937E+02 -7.558168069615E-02 -8.991885065501E+00 -9.360978868991E-01  3.511212504434E-01  1.846919963988E-02  9.669658460095E-03
  8.100000000000E-01  1.890455378837E+02  6.394470875675E-01  4.244986194252E-01  9.881863713486E+01 -1.277453905458E-01  3.259092346463E-02  1.608865629620E+02 -7.656079878116E-02 -8.951263715756E+00 -9.935411482314E-01  1.114896021092E-01  2.058097093559E-02  4.741205317694E-03
  8.150000000000E-01  1.889435052226E+02  7.222405184648E-01  1.336982803739E-01  9.876459501162E+01 -9.748035094546E-02  8.885624391698E-02  1.618305639032E+02 -7.754130770273E-02 -8.909862016113E+00 -9.906447822613E-01 -1.347782053070E-01  2.138607268073E-02 -6.218102490353E-04
  8.200000000000E-01  1.888417253861E+02  6.924392295690E-01 -1.497092051318E-01  9.871072390400E+01 -4.443521525857E-02  1.242838721148E-01  1.627740199069E+02 -7.852307734980E-02 -8.867680623202E+00 -9.276830135982E-01 -3.727392092612E-01  2.080372974740E-02 -6.075606076042E-03
  8.250000000000E-01  1.887401904332E+02  5.680851489233E-01 -3.914413425147E-01  9.865701946631E+01  1.893824607560E-02  1.307358772249E-01  1.637169317195E+02 -7.950598031268E-02 -8.824720191767E+00 -8.085672262040E-01 -5.879941366218E-01  1.884278599368E-02 -1.126434299738E-02
  8.300000000000E-01  1.886388927971E+02  3.725180348770E-01 -5.679690960052E-01  9.860347734662E+01  7.791209092949E-02  1.068475756208E-01  1.646593000453E+02 -8.048989204453E-02 -8.780981374467E+00 -6.405955480646E-01 -7.675564482076E-01  1.560239259813E-02 -1.584323073261E-02
  8.350000000000E-01  1.885378253132E+02  1.307355570333E-01 -6.638085156566E-01  9.855009320876E+01  1.188963678574E-01  5.825258449635E-02  1.656011255479E+02 -8.147469101947E-02 -8.736464821673E+00 -4.339990048326E-01 -9.006317935622E-01  1.126681731021E-02 -1.950115527091E-02
  8.400000000000E-01  1.884369812422E+02 -1.309367675960E-01 -6.689494961927E-01  9.849686275353E+01  1.325346840522E-01 -3.793724024888E-03  1.665424088512E+02 -8.246025889496E-02 -8.691171181265E+00 -2.013128386407E-01 -9.792613624493E-01  6.094672111752E-03 -2.198135537615E-02
  8.450000000000E-01  1.883363542933E+02 -3.832848776273E-01 -5.785203743818E-01  9.844378173911E+01  1.157861360739E-01 -6.504582820454E-02  1.674831505413E+02 -8.344648066936E-02 -8.645101098432E+00  4.338807150859E-02 -9.987911484454E-01  4.032185536718E-04 -2.309879764669E-02
  8.500000000000E-01  1.882359386450E+02 -5.931249169028E-01 -3.953265946893E-01  9.839084600081E+01  7.254477036810E-02 -1.115346625954E-01  1.684233511682E+02 -8.443324482736E-02 -8.598255215465E+00  2.853428383397E-01 -9.581398876574E-01 -5.451270973910E-03 -2.275310820212E-02
  8.550000000000E-01  1.881357289627E+02 -7.249407564528E-01 -1.341816119951E-01  9.833805147004E+01  1.268665141169E-02 -1.327225402901E-01  1.693630112472E+02 -8.542044348210E-02 -8.550634171544E+00  5.099953625313E-01 -8.598507356198E-01 -1.109586178561E-02 -2.093620075301E-02
  8.600000000000E-01  1.880357204079E+02 -7.463212041127E-01  1.743571255133E-01  9.828539419215E+01 -5.021216910092E-02 -1.238427743930E-01  1.703021312614E+02 -8.640797252217E-02 -8.502238602521E+00  7.038685407480E-01 -7.099248449145E-01 -1.616460404041E-02 -1.773407721266E-02
  8.650000000000E-01  1.879359086469E+02 -6.365152587930E-01  4.835993612028E-01  9.823287034300E+01 -1.019542688142E-01 -8.691773588640E-02  1.712407116635E+02 -8.739573175447E-02 -8.453069140707E+00  8.553694967435E-01 -5.174481116521E-01 -2.032198019705E-02 -1.332264648499E-02
  8.700000000000E-01  1.878362898624E+02 -3.957059599940E-01  7.356585396626E-01  9.818047624454E+01 -1.308994941173E-01 -3.025228018261E-02  1.721787528778E+02 -8.838362503488E-02 -8.403126414658E+00  9.554779444011E-01 -2.940346848559E-01 -2.328466245801E-02 -7.957786064100E-03
  8.750000000000E-01  1.877368607562E+02 -5.158856171650E-02  8.719776487822E-01  9.812820837952E+01 -1.305398120422E-01  3.346097981781E-02  1.731162553030E+02 -8.937156040099E-02 -8.352411048944E+00  9.982771222874E-01 -5.312164774437E-02 -2.484019192008E-02 -1.960235684245E-03
  8.800000000000E-01  1.876376185428E+02  3.400263475558E-01  8.475946932239E-01  9.807606340449E+01 -1.009127693435E-01  8.998686426237E-02  1.740532193140E+02 -9.035945020826E-02 -8.300923663932E+00  9.812964391483E-01  1.908420496742E-01 -2.486138044868E-02  4.303760353918E-03
  8.850000000000E-01  1.875385609477E+02  7.025006894343E-01  6.454991583364E-01  9.802403816118E+01 -4.855953368959E-02  1.267064610599E-01  1.749896452642E+02 -9.134721124182E-02 -8.248664875580E+00  9.056464378746E-01  4.232633005205E-01 -2.331550060844E-02  1.044487572281E-02
  8.900000000000E-01  1.874396862114E+02  9.532030681302E-01  2.866076051677E-01  9.797212968723E+01  1.494535274755E-02  1.353955360577E-01  1.759255334885E+02 -9.233476480890E-02 -8.195635295210E+00  7.759392212497E-01  6.302770405113E-01 -2.026765156093E-02  1.607480733656E-02
  8.950000000000E-01  1.873409930728E+02  1.023042503266E+00 -1.685706494996E-01  9.792033522565E+01  7.555667093185E-02  1.140215445303E-01  1.768608843052E+02 -9.332203684998E-02 -8.141835529276E+00  6.000003289890E-01  7.995708724367E-01 -1.587804946208E-02  2.083057150202E-02
  9.000000000000E-01  1.872424807465E+02  8.758994934592E-01 -6.286184356016E-01  9.786865223174E+01  1.198468376942E-01  6.717828193977E-02  1.777956980183E+02 -9.430895805154E-02 -8.087266179162E+00  3.883904439143E-01  9.211132416159E-01 -1.039336708123E-02  2.439748176764E-02
  9.050000000000E-01  1.871441489254E+02  5.224241923399E-01 -9.895023811932E-01  9.781707837899E+01  1.379468255470E-01  5.074814905347E-03  1.787299749206E+02 -9.529546393297E-02 -8.031927840980E+00  1.537665021441E-01  9.877423634540E-01 -4.132615845999E-03  2.652937509410E-02
  9.100000000000E-01  1.870459977692E+02  2.352667602331E-02 -1.158812546434E+00  9.776561156496E+01  1.257052097336E-01 -5.869371129200E-02  1.796637152954E+02 -9.628149494978E-02 -7.975821105333E+00 -8.987886741814E-02  9.955816771529E-01  2.531598221008E-03  2.706481700436E-02
  9.150000000000E-01  1.869480278565E+02 -5.187756545862E-01 -1.080113988819E+00  9.771424991421E+01  8.560347944157E-02 -1.101070347098E-01  1.805969194190E+02 -9.726699660401E-02 -7.918946557122E+00 -3.280536844127E-01  9.442581389052E-01  9.195325667645E-03  2.593825823557E-02
  9.200000000000E-01  1.868502401753E+02 -9.822148034850E-01 -7.508503651076E-01  9.766299177885E+01  2.623434336928E-02 -1.377730176244E-01  1.815295875633E+02 -9.825191948733E-02 -7.861304775374E+00 -5.466286627342E-01  8.369115306526E-01  1.544769349549E-02  2.318542007116E-02
  9.250000000000E-01  1.867526361294E+02 -1.252555685502E+00 -2.283110852240E-01  9.761183574035E+01 -3.954294638682E-02 -1.354168548328E-01  1.824617199976E+02 -9.923621930857E-02 -7.802896333012E+00 -7.326736993750E-01  6.799954316704E-01  2.089601733828E-02  1.894253443824E-02
  9.300000000000E-01  1.866552174752E+02 -1.252576544472E+00  3.791145397986E-01  9.756078060949E+01 -9.737473125233E-02 -1.032716507486E-01  1.833933169912E+02 -1.002198569803E-01 -7.743721796651E+00 -8.752194057657E-01  4.828828358277E-01  2.519008079210E-02  1.343943688353E-02
  9.350000000000E-01  1.865579862834E+02 -9.642133392319E-01  9.344558533500E-01  9.750982542171E+01 -1.345198450430E-01 -4.806977312402E-02  1.843243788150E+02 -1.012027986835E-01 -7.683781726474E+00 -9.658990500510E-01  2.573008686941E-01  2.804409999990E-02  6.986883068120E-03
  9.400000000000E-01  1.864609449656E+02 -4.375284616569E-01  1.303752029351E+00  9.745896943427E+01 -1.426264529907E-01  1.836843605595E-02  1.852549057436E+02 -1.021850159028E-01 -7.623076676047E+00 -9.994336488120E-01  1.662899528101E-02  2.925502421116E-02 -4.118995030787E-05
  9.450000000000E-01  1.863640962190E+02  2.168360531094E-01  1.389247388316E+00  9.740821212386E+01 -1.195818246927E-01  8.165366659339E-02  1.861848980576E+02 -1.031664855208E-01 -7.561607192127E+00 -9.739324596886E-01 -2.248970621237E-01  2.871603696262E-02 -7.229428338331E-03
  9.500000000000E-01  1.862674429448E+02  8.509558565466E-01  1.155766319034E+00  9.735755317806E+01 -7.003195438105E-02  1.279221625852E-01  1.871143560448E+02 -1.041471898645E-01 -7.499373814570E+00 -8.909922022013E-01 -4.530281990668E-01  2.642440463066E-02 -1.414557551540E-02
  9.550000000000E-01  1.861709882864E+02  1.313741349565E+00  6.430689318059E-01  9.730699248709E+01 -4.448139030566E-03  1.468471477164E-01  1.880432800019E+02 -1.051271166396E-01 -7.436377076192E+00 -7.555903064511E-01 -6.543416622645E-01  2.248315258099E-02 -2.036628763668E-02
  9.600000000000E-01  1.860747356048E+02  1.487832282447E+00 -3.980908207797E-02  9.725653013957E+01  6.307386847533E-02  1.339201721446E-01  1.889716702360E+02 -1.061062589296E-01 -7.372617502564E+00 -5.757796456122E-01 -8.170282270172E-01  1.709641450780E-02 -2.550271685066E-02
  9.650000000000E-01  1.859786883568E+02  1.320056445129E+00 -7.377987937281E-01  9.720616641166E+01  1.178241270050E-01  9.150402228589E-02  1.898995270663E+02 -1.070846152606E-01 -7.308095611945E+00 -3.622038317742E-01 -9.315808268461E-01  1.055867614270E-02 -2.922433333679E-02
  9.700000000000E-01  1.858828501201E+02  8.374141972089E-01 -1.285643893049E+00  9.715590175363E+01  1.476615737354E-01  2.841499268806E-02  1.908268508248E+02 -1.080621895857E-01 -7.242811915247E+00 -1.274625676286E-01 -9.913447410494E-01  3.238497921717E-03 -3.127955208275E-02
  9.750000000000E-01  1.857872246198E+02  1.438709899695E-01 -1.547902985266E+00  9.710573678334E+01  1.456873195732E-01 -4.189637987794E-02  1.917536418576E+02 -1.090389913065E-01 -7.176766915886E+00  1.146348518061E-01 -9.928978374528E-01 -4.442368647004E-03 -3.151191034775E-02
  9.800000000000E-01  1.856918155817E+02 -6.020718890112E-01 -1.453224531157E+00  9.705567227494E+01  1.118242258683E-01 -1.041955216343E-01  1.926799005258E+02 -1.100150353434E-01 -7.109961109726E+00  3.498834911343E-01 -9.362395411383E-01 -1.203327825794E-02 -2.987079602428E-02
  9.850000000000E-01  1.855966267212E+02 -1.224169882167E+00 -1.014061458179E+00  9.700570914122E+01  5.294387099405E-02 -1.447467793483E-01  1.936056272061E+02 -1.109903420408E-01 -7.042394985107E+00  5.645161303509E-01 -8.247785440797E-01 -1.908100095022E-02 -2.641604062222E-02
  9.900000000000E-01  1.855016618209E+02 -1.570905753626E+00 -3.263504310692E-01  9.695584842416E+01 -1.851177925518E-02 -1.543270631827E-01  1.945308222916E+02 -1.119649370332E-01 -6.974069022719E+00  7.460071601996E-01 -6.651211114968E-01 -2.515651350048E-02 -2.131604561512E-02
  9.950000000000E-01  1.854069245918E+02 -1.553213588751E+00  4.514428527431E-01  9.690609128464E+01 -8.714302227984E-02 -1.303127503068E-01  1.954554861921E+02 -1.129388512702E-01 -6.904983695541E+00  8.838002004834E-01 -4.666734819738E-01 -2.988070397065E-02 -1.483948712523E-02
  1.000000000000E+00  1.853124186051E+02 -1.167894401802E+00  1.135323822451E+00  9.685643898225E+01 -1.378962723597E-01 -7.736954806002E-02  1.963796193344E+02 -1.139121210018E-01 -6.835139468963E+00  9.699173896996E-01 -2.410826221792E-01 -3.294747150391E-02 -7.341019209762E-03
  1.005000000000E+00  1.852181474098E+02 -5.004818079205E-01  1.560050749623E+00  9.680689286255E+01 -1.593550138013E-01 -6.567905277517E-03  1.973032221623E+02 -1.148847877077E-01 -6.764536800784E+00  9.994154753359E-01 -1.548863239407E-03 -3.414284312653E-02  7.582513532838E-04
  1.010000000000E+00  1.851241144302E+02  2.936887450622E-01  1.619866965301E+00  9.675745434834E+01 -1.463013587298E-01  6.691539980062E-02  1.982262951370E+02 -1.158568981405E-01 -6.693176141173E+00  9.706629916069E-01  2.379488124106E-01 -3.335894968680E-02  8.994435664756E-03
  1.015000000000E+00  1.850303228414E+02  1.026016569089E+00  1.295474562671E+00  9.670812491914E+01 -1.009745414943E-01  1.270377581184E-01  1.991488387364E+02 -1.168285042701E-01 -6.621057932824E+00  8.854233952073E-01  4.634692513063E-01 -3.060199121072E-02  1.688734576873E-02
  1.020000000000E+00  1.849367756986E+02  1.520082675573E+00  6.602558765460E-01  9.665890609530E+01 -3.272392723954E-02  1.603855830710E-01  2.000708534551E+02 -1.177996630536E-01 -6.548182611019E+00  7.487404121723E-01  6.619196674350E-01 -2.599366182292E-02  2.396828295350E-02
  1.025000000000E+00  1.848434758952E+02  1.654903530970E+00 -1.362040672577E-01  9.660979943065E+01  4.390193074252E-02  1.591644151234E-01  2.009923398039E+02 -1.187704363494E-01 -6.474550603583E+00  5.686333620641E-01  8.218131907446E-01 -1.976587735218E-02  2.980753526084E-02
  1.030000000000E+00  1.847504259948E+02  1.395228309833E+00 -9.036061629721E-01  9.656080649386E+01  1.122452773048E-01  1.230180461439E-01  2.019132983092E+02 -1.197408909175E-01 -6.400162331087E+00  3.556212003792E-01  9.339297629456E-01 -1.224903338924E-02  3.403998980886E-02
  1.035000000000E+00  1.846576283449E+02  8.011676769250E-01 -1.456941533701E+00  9.651192885011E+01  1.571556926450E-01  5.925183962058E-02  2.028337295122E+02 -1.207110983013E-01 -6.325018207044E+00  1.221038249482E-01  9.918426083386E-01 -3.854395618484E-03  3.638735840362E-02
  1.040000000000E+00  1.845650851032E+02  1.447803168064E-02 -1.661763973957E+00  9.646316805470E+01  1.683496492556E-01 -1.862364618751E-02  2.037536339681E+02 -1.216811347830E-01 -6.249118637945E+00 -1.183627305471E-01  9.922805401939E-01  4.948433073621E-03  3.667569467788E-02
  1.045000000000E+00  1.844727980504E+02 -7.753948214710E-01 -1.467510655943E+00  9.641452563775E+01  1.427677440063E-01 -9.374469561739E-02  2.046730122454E+02 -1.226510813679E-01 -6.172464023449E+00 -3.518546951698E-01  9.353060551780E-01  1.365773215303E-02  3.484713742598E-02
  1.050000000000E+00  1.843807686672E+02 -1.377330151105E+00 -9.204893417714E-01  9.636600308495E+01  8.538802482372E-02 -1.495436652710E-01  2.055918649245E+02 -1.236210235430E-01 -6.095054756651E+00 -5.648866347346E-01  8.242999452995E-01  2.176810912475E-02  3.096513366124E-02
  1.055000000000E+00  1.842889982218E+02 -1.645331726186E+00 -1.531190479415E-01  9.631760183153E+01  8.282540948894E-03 -1.734069176565E-01  2.065101925966E+02 -1.245910510596E-01 -6.016891224138E+00 -7.451885649106E-01  6.657543874176E-01  2.879956820790E-02  2.521275930377E-02
  1.060000000000E+00  1.841974875898E+02 -1.514534181582E+00  6.481146662966E-01  9.626932325119E+01 -7.191182672691E-02 -1.595328747861E-01  2.074279958628E+02 -1.255612579047E-01 -5.937973806190E+00 -8.824094422618E-01  4.688875030127E-01  3.432554555746E-02  1.788414515348E-02
  1.065000000000E+00  1.841062372849E+02 -1.017423095687E+00  1.288214141083E+00  9.622116863742E+01 -1.375819426391E-01 -1.103405662256E-01  2.083452753325E+02 -1.265317421899E-01 -5.858302877139E+00 -9.687069051682E-01  2.451025819697E-01  3.799829437859E-02  9.369408497853E-03
  1.070000000000E+00  1.840152475905E+02 -2.761270652749E-01  1.611540695857E+00  9.617313919782E+01 -1.740132144408E-01 -3.608633962033E-02  2.092620316219E+02 -1.275026060154E-01 -5.777878805528E+00 -9.991899449912E-01  7.323953597448E-03  3.957013536217E-02  1.338644618277E-04
  1.075000000000E+00  1.839245184088E+02  5.274391622118E-01  1.540159723723E+00  9.612523604724E+01 -1.726967554992E-01  4.726288717115E-02  2.101782653529E+02 -1.284739554404E-01 -5.696701954310E+00 -9.721898607043E-01 -2.307516272546E-01  3.890930535266E-02 -9.307374498164E-03
  1.080000000000E+00  1.838340492447E+02  1.196285917000E+00  1.093117384949E+00  9.607746019133E+01 -1.333229330469E-01  1.214625739401E-01  2.110939771516E+02 -1.294459002875E-01 -5.614772681223E+00 -8.893448736411E-01 -4.554446103458E-01  3.600942805159E-02 -1.841802722057E-02
  1.085000000000E+00  1.837438393642E+02  1.566891634151E+00  3.817989502969E-01  9.602981252113E+01 -6.399227344835E-02  1.699923077545E-01  2.120091676462E+02 -1.304185538398E-01 -5.532091339009E+00 -7.554945665763E-01 -6.538777555880E-01  3.099197973467E-02 -2.667091698867E-02
  1.090000000000E+00  1.836538876828E+02  1.549556212085E+00 -4.175567941147E-01  9.598229381042E+01  2.043744505916E-02  1.817468587018E-01  2.129238374664E+02 -1.313920327351E-01 -5.448658275598E+00 -5.783912382204E-01 -8.147117267207E-01  2.410151185651E-02 -3.357819262322E-02
  1.095000000000E+00  1.835641927129E+02  1.150535502771E+00 -1.107430693391E+00  9.593490470240E+01  1.015348115061E-01  1.535886786758E-01  2.138379872411E+02 -1.323664568763E-01 -5.364473834535E+00 -3.682457036968E-01 -9.287893113517E-01  1.569379907839E-02 -3.871978174197E-02
  1.100000000000E+00  1.834747527303E+02  4.704256411604E-01 -1.517907558049E+00  9.588764570511E+01  1.613276223849E-01  9.117219751994E-02  2.147516175969E+02 -1.333419492460E-01 -5.279538355263E+00 -1.371344306945E-01 -9.896519026568E-01  6.217482915740E-03 -4.176843774907E-02
  1.105000000000E+00  1.833855657068E+02 -3.208441532634E-01 -1.548746379056E+00  9.584051719237E+01  1.863006006166E-01  7.825476977998E-03  2.156647291570E+02 -1.343186358209E-01 -5.193852173323E+00  1.016973460245E-01 -9.938994125217E-01 -3.809843981946E-03 -4.250991283823E-02
  1.110000000000E+00  1.832966292311E+02 -1.026234536914E+00 -1.194177912782E+00  9.579351939445E+01  1.704651777340E-01 -7.829462635521E-02  2.165773225392E+02 -1.352966454236E-01 -5.107415620756E+00  3.345961712100E-01 -9.413739106421E-01 -1.382984121536E-02 -4.085704426393E-02
  1.115000000000E+00  1.832079406725E+02 -1.470565431524E+00 -5.442459500103E-01  9.574665239455E+01  1.168004151103E-01 -1.481673519524E-01  2.174893983542E+02 -1.362761093972E-01 -5.020229026444E+00  5.482808425654E-01 -8.351574655149E-01 -2.327438089489E-02 -3.685686726364E-02
  1.120000000000E+00  1.831194971539E+02 -1.544066224014E+00  2.376682580612E-01  9.569991613317E+01  3.671700503236E-02 -1.861251730987E-01  2.184009572050E+02 -1.372571614122E-01 -4.932292716307E+00  7.305982199997E-01 -6.813853123841E-01 -3.159755755367E-02 -3.069024856930E-02
  1.125000000000E+00  1.830312954571E+02 -1.229669740533E+00  9.555751473654E-01  9.565331040266E+01 -5.236647352963E-02 -1.833843919386E-01  2.193119996844E+02 -1.382399373830E-01 -4.843607013698E+00  8.712114673969E-01 -4.888859801179E-01 -3.830695704701E-02 -2.266394851010E-02
  1.130000000000E+00  1.829433321763E+02 -6.072405439797E-01  1.429746770670E+00  9.560683484542E+01 -1.308212449029E-01 -1.400894136182E-01  2.202225263740E+02 -1.392245752749E-01 -4.754172239775E+00  9.621819389416E-01 -2.686697775034E-01 -4.299240962422E-02 -1.319544412347E-02
  1.135000000000E+00  1.828556037270E+02  1.663436935710E-01  1.541573978982E+00  9.556048896109E+01 -1.811500657921E-01 -6.539214648287E-02  2.211325378432E+02 -1.402112149584E-01 -4.663988713689E+00  9.984122110315E-01 -3.329552069222E-02 -4.535056832091E-02 -2.791257422457E-03
  1.140000000000E+00  1.827681062411E+02  8.963328091882E-01  1.263236717381E+00  9.551427210505E+01 -1.919087544953E-01  2.447817308044E-02  2.220420346473E+02 -1.411999980856E-01 -4.573056752945E+00  9.779258485676E-01  2.038478930879E-01 -4.520386418114E-02  7.980090852494E-03
  1.145000000000E+00  1.826808357083E+02  1.398751080884E+00  6.647732468640E-01  9.546818348834E+01 -1.603241064478E-01  1.097490422880E-01  2.229510173266E+02 -1.421910677834E-01 -4.481376673798E+00  9.019689076732E-01  4.293038616091E-01 -4.251268397191E-02  1.851906314751E-02
  1.150000000000E+00  1.825937880150E+02  1.546452092910E+00 -1.032566732895E-01  9.542222218749E+01 -9.300573256530E-02  1.714713602430E-01  2.238594864055E+02 -1.431845683921E-01 -4.388948791458E+00  7.749283715474E-01  6.303109683660E-01 -3.737997938766E-02  2.822834159850E-02
  1.155000000000E+00  1.825069588325E+02  1.301103436559E+00 -8.472524358585E-01  9.537638714655E+01 -4.569730649749E-03  1.957505193022E-01  2.247674423910E+02 -1.441806453720E-01 -4.295773420415E+00  6.040731088867E-01  7.955231960067E-01 -3.004792988650E-02  3.654648607927E-02
  1.160000000000E+00  1.824203437450E+02  7.230960343951E-01 -1.378915578249E+00  9.533067717871E+01  8.554111081360E-02  1.768924901191E-01  2.256748857719E+02 -1.451794451285E-01 -4.201850874811E+00  3.991329460654E-01  9.156469542066E-01 -2.088672129982E-02  4.298012902002E-02
  1.165000000000E+00  1.823339383151E+02 -4.315963089472E-02 -1.562449107849E+00  9.528509097839E+01  1.573474053752E-01  1.187484275709E-01  2.265818170181E+02 -1.461811148218E-01 -4.107181468605E+00  1.717404932644E-01  9.839593664197E-01 -1.037594533669E-02  4.713287564558E-02
  1.170000000000E+00  1.822477379650E+02 -8.049787384216E-01 -1.348856422500E+00  9.523962712647E+01  1.947833088894E-01  3.393833752444E-02  2.274882365801E+02 -1.471858022532E-01 -4.011765515841E+00 -6.523204185781E-02  9.966791836570E-01  9.204531314651E-04  4.872923502321E-02
  1.175000000000E+00  1.821617380893E+02 -1.369378831087E+00 -7.887491505178E-01  9.519428409320E+01  1.893108014943E-01 -5.889237352675E-02  2.283941448873E+02 -1.481936555969E-01 -3.915603331038E+00 -2.984030977452E-01  9.531701819703E-01  1.238437793800E-02  4.763215974393E-02
  1.180000000000E+00  1.820759341483E+02 -1.591409517429E+00 -2.037702943317E-02  9.514906025222E+01  1.418805918640E-01 -1.391860714908E-01  2.292995423489E+02 -1.492048230911E-01 -3.818695229378E+00 -5.146375619433E-01  8.559664629005E-01  2.337732099207E-02  4.385310809828E-02
  1.185000000000E+00  1.819903215376E+02 -1.410821242996E+00  7.642737322703E-01  9.510395388866E+01  6.278638528545E-02 -1.890451071782E-01  2.302044293525E+02 -1.502194529288E-01 -3.721041526921E+00 -7.017854537102E-01  7.106191659650E-01  3.327580417446E-02  3.755394493935E-02
  1.190000000000E+00  1.819048956852E+02 -8.678961296391E-01  1.367018479896E+00  9.505896320267E+01 -3.057114013054E-02 -1.972415984442E-01  2.311088062639E+02 -1.512376931194E-01 -3.622642540928E+00 -8.493620325780E-01  5.253741479584E-01  4.150656440082E-02  2.904044392932E-02
  1.195000000000E+00  1.818196521730E+02 -9.437928772598E-02  1.632936163913E+00  9.501408632500E+01 -1.175243804589E-01 -1.617618809019E-01  2.320126734275E+02 -1.522596912709E-01 -3.523498589975E+00 -9.491314253100E-01  3.106996215156E-01  4.757950622100E-02  1.874762030076E-02
  1.200000000000E+00  1.817345865951E+02  7.184130081339E-01  1.489505155482E+00  9.496932132760E+01 -1.787325320083E-01 -9.030559697910E-02  2.329160311655E+02 -1.532855944796E-01 -3.423609994071E+00 -9.955615120918E-01  7.869105029454E-02  5.111654055987E-02  7.217584512608E-03
  1.205000000000E+00  1.816496946298E+02  1.366580684988E+00  9.656442848709E-01  9.492466622714E+01 -2.005036575583E-01  1.384841022433E-03  2.338188797786E+02 -1.543155491206E-01 -3.322977075007E+00 -9.861252300669E-01 -1.576126861624E-01  5.187462877611E-02 -4.928962926272E-03
  1.210000000000E+00  1.815649721976E+02  1.684222912223E+00  1.857897886810E-01  9.488011900141E+01 -1.778747299017E-01  9.300187646466E-02  2.347212195455E+02 -1.553497005070E-01 -3.221600156516E+00 -9.214322089686E-01 -3.849630818988E-01  4.976164897333E-02 -1.702610177459E-02
  1.215000000000E+00  1.814804153070E+02  1.585156408628E+00 -6.597410704844E-01  9.483567760239E+01 -1.157531217025E-01  1.641868566754E-01  2.356230507239E+02 -1.563881927505E-01 -3.119479564332E+00 -8.051842488010E-01 -5.906444131323E-01  4.484408179013E-02 -2.839913813386E-02
  1.220000000000E+00  1.813960200890E+02  1.085404424833E+00 -1.361005819025E+00  9.479133995898E+01 -2.785507452579E-02  1.990731683774E-01  2.365243735504E+02 -1.574311686859E-01 -3.016615626439E+00 -6.439580402557E-01 -7.631832007815E-01  3.734595511014E-02 -3.840213629407E-02
  1.225000000000E+00  1.813117829997E+02  3.007407083664E-01 -1.740084509917E+00  9.474710399323E+01  6.632958250169E-02  1.898402988187E-01  2.374251882412E+02 -1.584787696459E-01 -2.913008673120E+00 -4.468281600121E-01 -8.929852555285E-01  2.763896718592E-02 -4.645445427365E-02
  1.230000000000E+00  1.812277006606E+02 -5.803532546306E-01 -1.695485143516E+00  9.470296763605E+01  1.458728667805E-01  1.384789925847E-01  2.383254949926E+02 -1.595311353340E-01 -2.808659036884E+00 -2.248522096837E-01 -9.728651161826E-01  1.622420002769E-02 -5.207422441935E-02
  1.235000000000E+00  1.811437698350E+02 -1.341938374896E+00 -1.228346636185E+00  9.465892882847E+01  1.930763472024E-01  5.636672635887E-02  2.392252939821E+02 -1.605884037066E-01 -2.703567052721E+00  9.552477370905E-03 -9.984389066190E-01  3.706312222363E-03 -5.490685909175E-02
  1.240000000000E+00  1.810599876816E+02 -1.793196568519E+00 -4.438377938369E-01  9.461498553637E+01  1.974260103953E-01 -3.825673878321E-02  2.401245853685E+02 -1.616507106290E-01 -2.597733058261E+00  2.433052737253E-01 -9.683594221365E-01 -9.238465183001E-03 -5.474690948364E-02
  1.245000000000E+00  1.809763516074E+02 -1.815582280827E+00  4.728565891509E-01  9.457113576912E+01  1.579468957885E-01 -1.243521962719E-01  2.410233692937E+02 -1.627181896663E-01 -2.491157393682E+00  4.633926940429E-01 -8.843811668240E-01 -2.189883923327E-02 -5.155195161019E-02
  1.250000000000E+00  1.808928591597E+02 -1.393004030427E+00  1.300393944696E+00  9.452737757920E+01  8.342763447623E-02 -1.827742598506E-01  2.419216458833E+02 -1.637909720875E-01 -2.383840401807E+00  6.575920291019E-01 -7.512525951530E-01 -3.356750310299E-02 -4.544759919881E-02
  1.255000000000E+00  1.808095083270E+02 -6.175133969928E-01  1.834542775557E+00  9.448370907347E+01 -9.537700227314E-03 -2.005444648839E-01  2.428194152473E+02 -1.648691866845E-01 -2.275782428148E+00  8.151480010278E-01 -5.764424292003E-01 -4.358058015923E-02 -3.672322522603E-02
  1.260000000000E+00  1.807262974404E+02  3.311544211758E-01  1.938058405372E+00  9.444012843499E+01 -1.002532220462E-01 -1.737470606194E-01  2.437166774821E+02 -1.659529595884E-01 -2.166983820632E+00  9.273651130159E-01 -3.697160929096E-01 -5.135526797383E-02 -2.581848670858E-02
  1.265000000000E+00  1.806432249522E+02  1.227540222255E+00  1.575069881293E+00  9.439663392170E+01 -1.685412571168E-01 -1.083988414490E-01  2.446134326715E+02 -1.670424142491E-01 -2.057444929648E+00  9.880832671594E-01 -1.425865216612E-01 -5.642355353726E-02 -1.330126334127E-02
  1.270000000000E+00  1.805602897634E+02  1.854048589967E+00  8.215103538178E-01  9.435322387189E+01 -1.992442057104E-01 -1.909864196294E-02  2.455096808872E+02 -1.681376711739E-01 -1.947166108285E+00  9.940108874297E-01  9.232957868953E-02 -5.846005783281E-02  1.618901145151E-04
  1.275000000000E+00  1.804774912231E+02  2.053409589791E+00 -1.511895882317E-01  9.430989672870E+01 -1.856007264125E-01  7.423987525958E-02  2.464054221915E+02 -1.692388476011E-01 -1.836147712141E+00  9.448978285918E-01  3.220139007447E-01 -5.730236673241E-02  1.384124331881E-02
  1.280000000000E+00  1.803948287806E+02  1.767420263373E+00 -1.115536704032E+00  9.426665103996E+01 -1.307418526066E-01  1.508389527238E-01  2.473006566383E+02 -1.703460575332E-01 -1.724390099195E+00  8.435393200819E-01  5.337679942682E-01 -5.296260094720E-02  2.698345181118E-02
  1.285000000000E+00  1.803123022855E+02  1.052547393996E+00 -1.841364623311E+00  9.422348545531E+01 -4.697476863584E-02  1.936934872074E-01  2.481953842739E+02 -1.714594117012E-01 -1.611893629883E+00  6.956115841007E-01  7.159140445272E-01 -4.562944862426E-02  3.885303504033E-02
  1.290000000000E+00  1.802299121449E+02  6.841624952996E-02 -2.150597678327E+00  9.418039875179E+01  4.698180567198E-02  1.933563470170E-01  2.490896051392E+02 -1.725790173116E-01 -1.498658666728E+00  5.093490574666E-01  8.584363809465E-01 -3.566040496700E-02  4.877348708969E-02
  1.295000000000E+00  1.801476588673E+02 -9.583683323235E-01 -1.960378863354E+00  9.413738983784E+01  1.301880362069E-01  1.500275332119E-01  2.499833192719E+02 -1.737049780388E-01 -1.384685574049E+00  2.950818253813E-01  9.535286266374E-01 -2.356450665772E-02  5.616572387681E-02
  1.300000000000E+00  1.800655432483E+02 -1.786746161262E+00 -1.304211551608E+00  9.409445774091E+01  1.841587881144E-01  7.348403865284E-02  2.508765267062E+02 -1.748373939682E-01 -1.269974718234E+00  6.465946880864E-02  9.960168091969E-01 -9.976384226617E-03  6.058168575043E-02
  1.305000000000E+00  1.799835667301E+02 -2.217815025731E+00 -3.258919699364E-01  9.405160163031E+01  1.969784192038E-01 -1.912820292362E-02  2.517692274761E+02 -1.759763612008E-01 -1.154526467677E+00 -1.692063742787E-01  9.836357603745E-01  4.377048428203E-03  6.173115309974E-02
  1.310000000000E+00  1.799017309074E+02 -2.142222072360E+00  7.526028985310E-01  9.400882082887E+01  1.659368279165E-01 -1.071403954151E-01  2.526614216171E+02 -1.771219717558E-01 -1.038341192364E+00 -3.936441537790E-01  9.171443384909E-01  1.871551892176E-02  5.950018421046E-02
  1.315000000000E+00  1.798200374951E+02 -1.567102209645E+00  1.681964877986E+00  9.396611479228E+01  9.810265089906E-02 -1.709802790448E-01  2.535531091665E+02 -1.782743137398E-01 -9.214192639075E-01 -5.963304385424E-01  8.002739527667E-01  3.224784881669E-02  5.396003000179E-02
  1.320000000000E+00  1.797384888820E+02 -6.160636018418E-01  2.243385112554E+00  9.392348312334E+01  8.712773283065E-03 -1.965304830295E-01  2.544442901655E+02 -1.794334711520E-01 -8.037610553214E-01 -7.661649212236E-01  6.395140561057E-01  4.421562062297E-02  4.536589492857E-02
  1.325000000000E+00  1.796570877292E+02  4.980047758657E-01  2.299901482774E+00  9.388092559371E+01 -8.225396959222E-02 -1.782539162481E-01  2.553349646621E+02 -1.805995237312E-01 -6.853669403752E-01 -8.938755275392E-01  4.437471960950E-01  5.393564740615E-02  3.414547061024E-02
  1.330000000000E+00  1.795758366362E+02  1.521178879355E+00  1.829237826646E+00  9.383844211950E+01 -1.545467150758E-01 -1.203936328493E-01  2.562251327110E+02 -1.817725470994E-01 -5.662372936473E-01 -9.725208105537E-01  2.237543861609E-01  6.083886706175E-02  2.087773858498E-02
  1.335000000000E+00  1.794947387967E+02  2.216735603910E+00  9.303616145324E-01  9.379603276076E+01 -1.921543902493E-01 -3.598754849210E-02  2.571147943753E+02 -1.829526125293E-01 -4.463724908006E-01 -9.978626307245E-01 -8.381461852161E-03  6.450344978019E-02  6.263087681982E-03
  1.340000000000E+00  1.794137978535E+02  2.419942741528E+00 -1.979401698460E-01  9.375369775191E+01 -1.868531577415E-01  5.607248215967E-02  2.580039497296E+02 -1.841397865927E-01 -3.257729081096E-01 -9.685893801378E-01 -2.399408888496E-01  6.468020014444E-02 -8.913711435706E-03
  1.345000000000E+00  1.793330172547E+02  2.076711025493E+00 -1.301686892201E+00  9.371143748169E+01 -1.400032204271E-01  1.352722790801E-01  2.588925988604E+02 -1.853341313604E-01 -2.044389221833E-01 -8.863782966029E-01 -4.582653042521E-01  6.130873993626E-02 -2.382571378619E-02
  1.350000000000E+00  1.792524008325E+02  1.257103774025E+00 -2.129369995125E+00  9.366925247376E+01 -6.220297727322E-02  1.840483033810E-01  2.597807418665E+02 -1.865357045024E-01 -8.237091003483E-02 -7.557942699609E-01 -6.514482128610E-01  5.452345114399E-02 -3.764891406027E-02
  1.355000000000E+00  1.791889703959E+02  1.405011763688E-01 -2.489911790823E+00  9.363415731104E+01  2.854750185580E-02  1.918262890398E-01  2.606683788623E+02 -1.877445589954E-01  4.043075156824E-02 -5.840314810470E-01 -8.089825631787E-01  4.464871466279E-02 -4.960780077601E-02
